M,0.105,0.009,0.381
A,-1.862,1.846,-59.908
D,0.140836,0.025416,0.358000
D,0.141021,0.025345,0.357000
D,0.141599,0.025345,0.357000
D,0.142178,0.025345,0.357000
D,0.142757,0.025345,0.357000
D,0.142934,0.025274,0.356000
D,0.143511,0.025274,0.356000
D,0.144088,0.025274,0.356000
D,0.144665,0.025274,0.356000
D,0.144834,0.025203,0.355000
D,0.145410,0.025203,0.355000
D,0.145985,0.025203,0.355000
D,0.146561,0.025203,0.355000
D,0.147136,0.025203,0.355000
D,0.147711,0.025203,0.355000
D,0.148287,0.025203,0.355000
D,0.148862,0.025203,0.355000
D,0.149017,0.025132,0.354000
D,0.149591,0.025132,0.354000
D,0.150164,0.025132,0.354000
D,0.150738,0.025132,0.354000
D,0.151312,0.025132,0.354000
D,0.151886,0.025132,0.354000
D,0.152029,0.025061,0.353000
D,0.152601,0.025061,0.353000
D,0.153173,0.025061,0.353000
D,0.153746,0.025061,0.353000
D,0.154318,0.025061,0.353000
D,0.154890,0.025061,0.353000
D,0.155462,0.025061,0.353000
D,0.156034,0.025061,0.353000
D,0.156607,0.025061,0.353000
D,0.157179,0.025061,0.353000
D,0.157751,0.025061,0.353000
D,0.158323,0.025061,0.353000
D,0.158895,0.025061,0.353000
D,0.159468,0.025061,0.353000
D,0.160040,0.025061,0.353000
D,0.160157,0.024990,0.352000
D,0.160727,0.024990,0.352000
D,0.161298,0.024990,0.352000
D,0.161869,0.024990,0.352000
D,0.162439,0.024990,0.352000
D,0.163010,0.024990,0.352000
D,0.163580,0.024990,0.352000
D,0.164151,0.024990,0.352000
D,0.164722,0.024990,0.352000
D,0.165292,0.024990,0.352000
D,0.165863,0.024990,0.352000
D,0.166433,0.024990,0.352000
D,0.167004,0.024990,0.352000
D,0.167574,0.024990,0.352000
D,0.168145,0.024990,0.352000
D,0.169195,0.025061,0.353000
D,0.169767,0.025061,0.353000
D,0.140836,0.025996,0.358000
D,0.141021,0.025924,0.357000
D,0.141599,0.025924,0.357000
D,0.142178,0.025924,0.357000
D,0.142757,0.025924,0.357000
D,0.142934,0.025851,0.356000
D,0.143511,0.025851,0.356000
D,0.144088,0.025851,0.356000
D,0.144665,0.025851,0.356000
D,0.144834,0.025778,0.355000
D,0.145410,0.025778,0.355000
D,0.145985,0.025778,0.355000
D,0.146561,0.025778,0.355000
D,0.147136,0.025778,0.355000
D,0.147711,0.025778,0.355000
D,0.148287,0.025778,0.355000
D,0.148862,0.025778,0.355000
D,0.149017,0.025706,0.354000
D,0.149591,0.025706,0.354000
D,0.150164,0.025706,0.354000
D,0.150738,0.025706,0.354000
D,0.151312,0.025706,0.354000
D,0.151457,0.025633,0.353000
D,0.152029,0.025633,0.353000
D,0.152601,0.025633,0.353000
D,0.153173,0.025633,0.353000
D,0.153746,0.025633,0.353000
D,0.154318,0.025633,0.353000
D,0.154890,0.025633,0.353000
D,0.155462,0.025633,0.353000
D,0.156034,0.025633,0.353000
D,0.156607,0.025633,0.353000
D,0.157179,0.025633,0.353000
D,0.157751,0.025633,0.353000
D,0.158323,0.025633,0.353000
D,0.158895,0.025633,0.353000
D,0.159468,0.025633,0.353000
D,0.160040,0.025633,0.353000
D,0.160612,0.025633,0.353000
D,0.160727,0.025561,0.352000
D,0.161298,0.025561,0.352000
D,0.161869,0.025561,0.352000
D,0.162439,0.025561,0.352000
D,0.163010,0.025561,0.352000
D,0.163580,0.025561,0.352000
D,0.164151,0.025561,0.352000
D,0.164722,0.025561,0.352000
D,0.165292,0.025561,0.352000
D,0.165863,0.025561,0.352000
D,0.166433,0.025561,0.352000
D,0.167004,0.025561,0.352000
D,0.167574,0.025561,0.352000
D,0.168145,0.025561,0.352000
D,0.169195,0.025633,0.353000
D,0.169767,0.025633,0.353000
D,0.140836,0.026577,0.358000
D,0.141021,0.026503,0.357000
D,0.141599,0.026503,0.357000
D,0.142178,0.026503,0.357000
D,0.142757,0.026503,0.357000
D,0.142934,0.026428,0.356000
D,0.143511,0.026428,0.356000
D,0.144088,0.026428,0.356000
D,0.144665,0.026428,0.356000
D,0.144834,0.026354,0.355000
D,0.145410,0.026354,0.355000
D,0.145985,0.026354,0.355000
D,0.146561,0.026354,0.355000
D,0.147136,0.026354,0.355000
D,0.147711,0.026354,0.355000
D,0.148287,0.026354,0.355000
D,0.148443,0.026280,0.354000
D,0.149017,0.026280,0.354000
D,0.149591,0.026280,0.354000
D,0.150164,0.026280,0.354000
D,0.150738,0.026280,0.354000
D,0.150885,0.026206,0.353000
D,0.151457,0.026206,0.353000
D,0.152029,0.026206,0.353000
D,0.152601,0.026206,0.353000
D,0.153173,0.026206,0.353000
D,0.153746,0.026206,0.353000
D,0.154318,0.026206,0.353000
D,0.154890,0.026206,0.353000
D,0.155462,0.026206,0.353000
D,0.156034,0.026206,0.353000
D,0.156607,0.026206,0.353000
D,0.157179,0.026206,0.353000
D,0.157751,0.026206,0.353000
D,0.158323,0.026206,0.353000
D,0.158895,0.026206,0.353000
D,0.159468,0.026206,0.353000
D,0.160040,0.026206,0.353000
D,0.160612,0.026206,0.353000
D,0.161184,0.026206,0.353000
D,0.161298,0.026132,0.352000
D,0.161869,0.026132,0.352000
D,0.162439,0.026132,0.352000
D,0.163010,0.026132,0.352000
D,0.163580,0.026132,0.352000
D,0.164151,0.026132,0.352000
D,0.164722,0.026132,0.352000
D,0.165292,0.026132,0.352000
D,0.165863,0.026132,0.352000
D,0.166433,0.026132,0.352000
D,0.167004,0.026132,0.352000
D,0.167574,0.026132,0.352000
D,0.168623,0.026206,0.353000
D,0.169195,0.026206,0.353000
D,0.169767,0.026206,0.353000
D,0.140836,0.027158,0.358000
D,0.141021,0.027082,0.357000
D,0.141599,0.027082,0.357000
D,0.142178,0.027082,0.357000
D,0.142757,0.027082,0.357000
D,0.142934,0.027006,0.356000
D,0.143511,0.027006,0.356000
D,0.144088,0.027006,0.356000
D,0.144665,0.027006,0.356000
D,0.144834,0.026930,0.355000
D,0.145410,0.026930,0.355000
D,0.145985,0.026930,0.355000
D,0.146561,0.026930,0.355000
D,0.147136,0.026930,0.355000
D,0.147711,0.026930,0.355000
D,0.147869,0.026854,0.354000
D,0.148443,0.026854,0.354000
D,0.149017,0.026854,0.354000
D,0.149591,0.026854,0.354000
D,0.150164,0.026854,0.354000
D,0.150738,0.026854,0.354000
D,0.150885,0.026778,0.353000
D,0.151457,0.026778,0.353000
D,0.152029,0.026778,0.353000
D,0.152601,0.026778,0.353000
D,0.153173,0.026778,0.353000
D,0.153746,0.026778,0.353000
D,0.154318,0.026778,0.353000
D,0.154890,0.026778,0.353000
D,0.155462,0.026778,0.353000
D,0.156034,0.026778,0.353000
D,0.156607,0.026778,0.353000
D,0.157179,0.026778,0.353000
D,0.157751,0.026778,0.353000
D,0.158323,0.026778,0.353000
D,0.158895,0.026778,0.353000
D,0.159468,0.026778,0.353000
D,0.160040,0.026778,0.353000
D,0.160612,0.026778,0.353000
D,0.161184,0.026778,0.353000
D,0.161756,0.026778,0.353000
D,0.161869,0.026702,0.352000
D,0.162439,0.026702,0.352000
D,0.163010,0.026702,0.352000
D,0.163580,0.026702,0.352000
D,0.164151,0.026702,0.352000
D,0.164722,0.026702,0.352000
D,0.165292,0.026702,0.352000
D,0.165863,0.026702,0.352000
D,0.166433,0.026702,0.352000
D,0.167004,0.026702,0.352000
D,0.167574,0.026702,0.352000
D,0.168623,0.026778,0.353000
D,0.169195,0.026778,0.353000
D,0.169767,0.026778,0.353000
D,0.140836,0.027738,0.358000
D,0.141021,0.027661,0.357000
D,0.141599,0.027661,0.357000
D,0.142178,0.027661,0.357000
D,0.142757,0.027661,0.357000
D,0.143336,0.027661,0.357000
D,0.143511,0.027583,0.356000
D,0.144088,0.027583,0.356000
D,0.144665,0.027583,0.356000
D,0.144834,0.027506,0.355000
D,0.145410,0.027506,0.355000
D,0.145985,0.027506,0.355000
D,0.146561,0.027506,0.355000
D,0.147136,0.027506,0.355000
D,0.147711,0.027506,0.355000
D,0.147869,0.027428,0.354000
D,0.148443,0.027428,0.354000
D,0.149017,0.027428,0.354000
D,0.149591,0.027428,0.354000
D,0.150164,0.027428,0.354000
D,0.150312,0.027351,0.353000
D,0.150885,0.027351,0.353000
D,0.151457,0.027351,0.353000
D,0.152029,0.027351,0.353000
D,0.152601,0.027351,0.353000
D,0.153173,0.027351,0.353000
D,0.153746,0.027351,0.353000
D,0.154318,0.027351,0.353000
D,0.154890,0.027351,0.353000
D,0.155462,0.027351,0.353000
D,0.156034,0.027351,0.353000
D,0.156607,0.027351,0.353000
D,0.157179,0.027351,0.353000
D,0.157751,0.027351,0.353000
D,0.158323,0.027351,0.353000
D,0.158895,0.027351,0.353000
D,0.159468,0.027351,0.353000
D,0.160040,0.027351,0.353000
D,0.160612,0.027351,0.353000
D,0.161184,0.027351,0.353000
D,0.161756,0.027351,0.353000
D,0.162328,0.027351,0.353000
D,0.162439,0.027273,0.352000
D,0.163010,0.027273,0.352000
D,0.163580,0.027273,0.352000
D,0.164151,0.027273,0.352000
D,0.164722,0.027273,0.352000
D,0.165292,0.027273,0.352000
D,0.165863,0.027273,0.352000
D,0.166433,0.027273,0.352000
D,0.167004,0.027273,0.352000
D,0.168050,0.027351,0.353000
D,0.168623,0.027351,0.353000
D,0.169195,0.027351,0.353000
D,0.169767,0.027351,0.353000
D,0.140836,0.028319,0.358000
D,0.141021,0.028240,0.357000
D,0.141599,0.028240,0.357000
D,0.142178,0.028240,0.357000
D,0.142757,0.028240,0.357000
D,0.143336,0.028240,0.357000
D,0.143511,0.028161,0.356000
D,0.144088,0.028161,0.356000
D,0.144665,0.028161,0.356000
D,0.144834,0.028082,0.355000
D,0.145410,0.028082,0.355000
D,0.145985,0.028082,0.355000
D,0.146561,0.028082,0.355000
D,0.147136,0.028082,0.355000
D,0.147711,0.028082,0.355000
D,0.147869,0.028003,0.354000
D,0.148443,0.028003,0.354000
D,0.149017,0.028003,0.354000
D,0.149591,0.028003,0.354000
D,0.150164,0.028003,0.354000
D,0.150312,0.027923,0.353000
D,0.150885,0.027923,0.353000
D,0.151457,0.027923,0.353000
D,0.152029,0.027923,0.353000
D,0.152601,0.027923,0.353000
D,0.153173,0.027923,0.353000
D,0.153746,0.027923,0.353000
D,0.154318,0.027923,0.353000
D,0.154890,0.027923,0.353000
D,0.155462,0.027923,0.353000
D,0.156034,0.027923,0.353000
D,0.156607,0.027923,0.353000
D,0.157179,0.027923,0.353000
D,0.157751,0.027923,0.353000
D,0.158323,0.027923,0.353000
D,0.158895,0.027923,0.353000
D,0.159468,0.027923,0.353000
D,0.160040,0.027923,0.353000
D,0.160612,0.027923,0.353000
D,0.161184,0.027923,0.353000
D,0.161756,0.027923,0.353000
D,0.162328,0.027923,0.353000
D,0.162439,0.027844,0.352000
D,0.163010,0.027844,0.352000
D,0.163580,0.027844,0.352000
D,0.164151,0.027844,0.352000
D,0.164722,0.027844,0.352000
D,0.165292,0.027844,0.352000
D,0.165863,0.027844,0.352000
D,0.166433,0.027844,0.352000
D,0.167004,0.027844,0.352000
D,0.168050,0.027923,0.353000
D,0.168623,0.027923,0.353000
D,0.169195,0.027923,0.353000
D,0.169767,0.027923,0.353000
D,0.140836,0.028900,0.358000
D,0.141416,0.028900,0.358000
D,0.141599,0.028819,0.357000
D,0.142178,0.028819,0.357000
D,0.142757,0.028819,0.357000
D,0.143336,0.028819,0.357000
D,0.143511,0.028738,0.356000
D,0.144088,0.028738,0.356000
D,0.144665,0.028738,0.356000
D,0.145242,0.028738,0.356000
D,0.145410,0.028657,0.355000
D,0.145985,0.028657,0.355000
D,0.146561,0.028657,0.355000
D,0.147136,0.028657,0.355000
D,0.147711,0.028657,0.355000
D,0.147869,0.028577,0.354000
D,0.148443,0.028577,0.354000
D,0.149017,0.028577,0.354000
D,0.149591,0.028577,0.354000
D,0.150164,0.028577,0.354000
D,0.150738,0.028577,0.354000
D,0.150885,0.028496,0.353000
D,0.151457,0.028496,0.353000
D,0.152029,0.028496,0.353000
D,0.152601,0.028496,0.353000
D,0.153173,0.028496,0.353000
D,0.153746,0.028496,0.353000
D,0.154318,0.028496,0.353000
D,0.154890,0.028496,0.353000
D,0.155462,0.028496,0.353000
D,0.156034,0.028496,0.353000
D,0.156607,0.028496,0.353000
D,0.157179,0.028496,0.353000
D,0.157751,0.028496,0.353000
D,0.158323,0.028496,0.353000
D,0.158895,0.028496,0.353000
D,0.159468,0.028496,0.353000
D,0.160040,0.028496,0.353000
D,0.160612,0.028496,0.353000
D,0.161184,0.028496,0.353000
D,0.161756,0.028496,0.353000
D,0.162328,0.028496,0.353000
D,0.162901,0.028496,0.353000
D,0.163010,0.028415,0.352000
D,0.163580,0.028415,0.352000
D,0.164151,0.028415,0.352000
D,0.164722,0.028415,0.352000
D,0.165292,0.028415,0.352000
D,0.165863,0.028415,0.352000
D,0.166433,0.028415,0.352000
D,0.167478,0.028496,0.353000
D,0.168050,0.028496,0.353000
D,0.168623,0.028496,0.353000
D,0.169195,0.028496,0.353000
D,0.169767,0.028496,0.353000
D,0.140836,0.029480,0.358000
D,0.141416,0.029480,0.358000
D,0.141599,0.029398,0.357000
D,0.142178,0.029398,0.357000
D,0.142757,0.029398,0.357000
D,0.143336,0.029398,0.357000
D,0.143511,0.029316,0.356000
D,0.144088,0.029316,0.356000
D,0.144665,0.029316,0.356000
D,0.145242,0.029316,0.356000
D,0.145410,0.029233,0.355000
D,0.145985,0.029233,0.355000
D,0.146561,0.029233,0.355000
D,0.147136,0.029233,0.355000
D,0.147711,0.029233,0.355000
D,0.147869,0.029151,0.354000
D,0.148443,0.029151,0.354000
D,0.149017,0.029151,0.354000
D,0.149591,0.029151,0.354000
D,0.150164,0.029151,0.354000
D,0.150738,0.029151,0.354000
D,0.151312,0.029151,0.354000
D,0.151457,0.029069,0.353000
D,0.152029,0.029069,0.353000
D,0.152601,0.029069,0.353000
D,0.153173,0.029069,0.353000
D,0.153746,0.029069,0.353000
D,0.154318,0.029069,0.353000
D,0.154890,0.029069,0.353000
D,0.155462,0.029069,0.353000
D,0.156034,0.029069,0.353000
D,0.156607,0.029069,0.353000
D,0.157179,0.029069,0.353000
D,0.157751,0.029069,0.353000
D,0.158323,0.029069,0.353000
D,0.158895,0.029069,0.353000
D,0.159468,0.029069,0.353000
D,0.160040,0.029069,0.353000
D,0.160612,0.029069,0.353000
D,0.161184,0.029069,0.353000
D,0.161756,0.029069,0.353000
D,0.162328,0.029069,0.353000
D,0.162901,0.029069,0.353000
D,0.163010,0.028986,0.352000
D,0.163580,0.028986,0.352000
D,0.164151,0.028986,0.352000
D,0.165189,0.029069,0.353000
D,0.165762,0.029069,0.353000
D,0.166334,0.029069,0.353000
D,0.166906,0.029069,0.353000
D,0.167478,0.029069,0.353000
D,0.168050,0.029069,0.353000
D,0.168623,0.029069,0.353000
D,0.169195,0.029069,0.353000
D,0.169767,0.029069,0.353000
D,0.140836,0.030061,0.358000
D,0.141416,0.030061,0.358000
D,0.141599,0.029977,0.357000
D,0.142178,0.029977,0.357000
D,0.142757,0.029977,0.357000
D,0.143336,0.029977,0.357000
D,0.143511,0.029893,0.356000
D,0.144088,0.029893,0.356000
D,0.144665,0.029893,0.356000
D,0.145242,0.029893,0.356000
D,0.145410,0.029809,0.355000
D,0.145985,0.029809,0.355000
D,0.146561,0.029809,0.355000
D,0.147136,0.029809,0.355000
D,0.147711,0.029809,0.355000
D,0.148287,0.029809,0.355000
D,0.148443,0.029725,0.354000
D,0.149017,0.029725,0.354000
D,0.149591,0.029725,0.354000
D,0.150164,0.029725,0.354000
D,0.150738,0.029725,0.354000
D,0.151312,0.029725,0.354000
D,0.151457,0.029641,0.353000
D,0.152029,0.029641,0.353000
D,0.152601,0.029641,0.353000
D,0.153173,0.029641,0.353000
D,0.153746,0.029641,0.353000
D,0.154318,0.029641,0.353000
D,0.154890,0.029641,0.353000
D,0.155462,0.029641,0.353000
D,0.156034,0.029641,0.353000
D,0.156607,0.029641,0.353000
D,0.157179,0.029641,0.353000
D,0.157751,0.029641,0.353000
D,0.158323,0.029641,0.353000
D,0.158445,0.029557,0.352000
D,0.159016,0.029557,0.352000
D,0.159586,0.029557,0.352000
D,0.160157,0.029557,0.352000
D,0.160727,0.029557,0.352000
D,0.161756,0.029641,0.353000
D,0.162328,0.029641,0.353000
D,0.162901,0.029641,0.353000
D,0.163473,0.029641,0.353000
D,0.164045,0.029641,0.353000
D,0.164617,0.029641,0.353000
D,0.165189,0.029641,0.353000
D,0.165762,0.029641,0.353000
D,0.166334,0.029641,0.353000
D,0.166906,0.029641,0.353000
D,0.167478,0.029641,0.353000
D,0.168050,0.029641,0.353000
D,0.168623,0.029641,0.353000
D,0.169195,0.029641,0.353000
D,0.169767,0.029641,0.353000
D,0.140836,0.030642,0.358000
D,0.141416,0.030642,0.358000
D,0.141599,0.030556,0.357000
D,0.142178,0.030556,0.357000
D,0.142757,0.030556,0.357000
D,0.143336,0.030556,0.357000
D,0.143511,0.030470,0.356000
D,0.144088,0.030470,0.356000
D,0.144665,0.030470,0.356000
D,0.145242,0.030470,0.356000
D,0.145410,0.030385,0.355000
D,0.145985,0.030385,0.355000
D,0.146561,0.030385,0.355000
D,0.147136,0.030385,0.355000
D,0.147711,0.030385,0.355000
D,0.148287,0.030385,0.355000
D,0.148443,0.030299,0.354000
D,0.149017,0.030299,0.354000
D,0.149591,0.030299,0.354000
D,0.150164,0.030299,0.354000
D,0.150738,0.030299,0.354000
D,0.151312,0.030299,0.354000
D,0.151886,0.030299,0.354000
D,0.152029,0.030214,0.353000
D,0.152601,0.030214,0.353000
D,0.153173,0.030214,0.353000
D,0.153746,0.030214,0.353000
D,0.154318,0.030214,0.353000
D,0.154890,0.030214,0.353000
D,0.155462,0.030214,0.353000
D,0.156034,0.030214,0.353000
D,0.156607,0.030214,0.353000
D,0.157179,0.030214,0.353000
D,0.157751,0.030214,0.353000
D,0.157875,0.030128,0.352000
D,0.158445,0.030128,0.352000
D,0.159016,0.030128,0.352000
D,0.159586,0.030128,0.352000
D,0.160157,0.030128,0.352000
D,0.160727,0.030128,0.352000
D,0.161298,0.030128,0.352000
D,0.161869,0.030128,0.352000
D,0.162901,0.030214,0.353000
D,0.163473,0.030214,0.353000
D,0.164045,0.030214,0.353000
D,0.164617,0.030214,0.353000
D,0.165189,0.030214,0.353000
D,0.165762,0.030214,0.353000
D,0.166334,0.030214,0.353000
D,0.166906,0.030214,0.353000
D,0.167478,0.030214,0.353000
D,0.168050,0.030214,0.353000
D,0.168623,0.030214,0.353000
D,0.169195,0.030214,0.353000
D,0.169767,0.030214,0.353000
D,0.140836,0.031222,0.358000
D,0.141416,0.031222,0.358000
D,0.141599,0.031135,0.357000
D,0.142178,0.031135,0.357000
D,0.142757,0.031135,0.357000
D,0.143336,0.031135,0.357000
D,0.143511,0.031048,0.356000
D,0.144088,0.031048,0.356000
D,0.144665,0.031048,0.356000
D,0.145242,0.031048,0.356000
D,0.145410,0.030961,0.355000
D,0.145985,0.030961,0.355000
D,0.146561,0.030961,0.355000
D,0.147136,0.030961,0.355000
D,0.147711,0.030961,0.355000
D,0.148287,0.030961,0.355000
D,0.148443,0.030874,0.354000
D,0.149017,0.030874,0.354000
D,0.149591,0.030874,0.354000
D,0.150164,0.030874,0.354000
D,0.150738,0.030874,0.354000
D,0.151312,0.030874,0.354000
D,0.151886,0.030874,0.354000
D,0.152029,0.030786,0.353000
D,0.152601,0.030786,0.353000
D,0.153173,0.030786,0.353000
D,0.153746,0.030786,0.353000
D,0.154318,0.030786,0.353000
D,0.154890,0.030786,0.353000
D,0.155462,0.030786,0.353000
D,0.156034,0.030786,0.353000
D,0.156607,0.030786,0.353000
D,0.157179,0.030786,0.353000
D,0.157751,0.030786,0.353000
D,0.157875,0.030699,0.352000
D,0.158445,0.030699,0.352000
D,0.159016,0.030699,0.352000
D,0.159586,0.030699,0.352000
D,0.160157,0.030699,0.352000
D,0.160727,0.030699,0.352000
D,0.161298,0.030699,0.352000
D,0.161869,0.030699,0.352000
D,0.162901,0.030786,0.353000
D,0.163473,0.030786,0.353000
D,0.164045,0.030786,0.353000
D,0.164617,0.030786,0.353000
D,0.165189,0.030786,0.353000
D,0.165762,0.030786,0.353000
D,0.166334,0.030786,0.353000
D,0.166906,0.030786,0.353000
D,0.167478,0.030786,0.353000
D,0.168050,0.030786,0.353000
D,0.168623,0.030786,0.353000
D,0.169195,0.030786,0.353000
D,0.169767,0.030786,0.353000
D,0.140836,0.031803,0.358000
D,0.141416,0.031803,0.358000
D,0.141599,0.031714,0.357000
D,0.142178,0.031714,0.357000
D,0.142757,0.031714,0.357000
D,0.143336,0.031714,0.357000
D,0.143511,0.031625,0.356000
D,0.144088,0.031625,0.356000
D,0.144665,0.031625,0.356000
D,0.145242,0.031625,0.356000
D,0.145410,0.031537,0.355000
D,0.145985,0.031537,0.355000
D,0.146561,0.031537,0.355000
D,0.147136,0.031537,0.355000
D,0.147711,0.031537,0.355000
D,0.148287,0.031537,0.355000
D,0.148443,0.031448,0.354000
D,0.149017,0.031448,0.354000
D,0.149591,0.031448,0.354000
D,0.150164,0.031448,0.354000
D,0.150738,0.031448,0.354000
D,0.151312,0.031448,0.354000
D,0.151886,0.031448,0.354000
D,0.152029,0.031359,0.353000
D,0.152601,0.031359,0.353000
D,0.153173,0.031359,0.353000
D,0.153746,0.031359,0.353000
D,0.154318,0.031359,0.353000
D,0.154890,0.031359,0.353000
D,0.155462,0.031359,0.353000
D,0.156034,0.031359,0.353000
D,0.156607,0.031359,0.353000
D,0.157179,0.031359,0.353000
D,0.157751,0.031359,0.353000
D,0.157875,0.031270,0.352000
D,0.158445,0.031270,0.352000
D,0.159016,0.031270,0.352000
D,0.159586,0.031270,0.352000
D,0.160157,0.031270,0.352000
D,0.160727,0.031270,0.352000
D,0.161298,0.031270,0.352000
D,0.161869,0.031270,0.352000
D,0.162901,0.031359,0.353000
D,0.163473,0.031359,0.353000
D,0.164045,0.031359,0.353000
D,0.164617,0.031359,0.353000
D,0.165189,0.031359,0.353000
D,0.165762,0.031359,0.353000
D,0.166334,0.031359,0.353000
D,0.166906,0.031359,0.353000
D,0.167478,0.031359,0.353000
D,0.168050,0.031359,0.353000
D,0.168623,0.031359,0.353000
D,0.169195,0.031359,0.353000
D,0.169767,0.031359,0.353000
D,0.140836,0.032384,0.358000
D,0.141416,0.032384,0.358000
D,0.141599,0.032293,0.357000
D,0.142178,0.032293,0.357000
D,0.142757,0.032293,0.357000
D,0.143336,0.032293,0.357000
D,0.143511,0.032203,0.356000
D,0.144088,0.032203,0.356000
D,0.144665,0.032203,0.356000
D,0.145242,0.032203,0.356000
D,0.145410,0.032112,0.355000
D,0.145985,0.032112,0.355000
D,0.146561,0.032112,0.355000
D,0.147136,0.032112,0.355000
D,0.147711,0.032112,0.355000
D,0.148287,0.032112,0.355000
D,0.148443,0.032022,0.354000
D,0.149017,0.032022,0.354000
D,0.149591,0.032022,0.354000
D,0.150164,0.032022,0.354000
D,0.150738,0.032022,0.354000
D,0.151312,0.032022,0.354000
D,0.151886,0.032022,0.354000
D,0.152029,0.031931,0.353000
D,0.152601,0.031931,0.353000
D,0.153173,0.031931,0.353000
D,0.153746,0.031931,0.353000
D,0.154318,0.031931,0.353000
D,0.154890,0.031931,0.353000
D,0.155462,0.031931,0.353000
D,0.156034,0.031931,0.353000
D,0.156607,0.031931,0.353000
D,0.157179,0.031931,0.353000
D,0.157751,0.031931,0.353000
D,0.157875,0.031841,0.352000
D,0.158445,0.031841,0.352000
D,0.159016,0.031841,0.352000
D,0.159586,0.031841,0.352000
D,0.160157,0.031841,0.352000
D,0.160727,0.031841,0.352000
D,0.161298,0.031841,0.352000
D,0.161869,0.031841,0.352000
D,0.162901,0.031931,0.353000
D,0.163473,0.031931,0.353000
D,0.164045,0.031931,0.353000
D,0.164617,0.031931,0.353000
D,0.165189,0.031931,0.353000
D,0.165762,0.031931,0.353000
D,0.166334,0.031931,0.353000
D,0.166906,0.031931,0.353000
D,0.167478,0.031931,0.353000
D,0.168050,0.031931,0.353000
D,0.168623,0.031931,0.353000
D,0.169195,0.031931,0.353000
D,0.169767,0.031931,0.353000
D,0.140836,0.032964,0.358000
D,0.141416,0.032964,0.358000
D,0.141599,0.032872,0.357000
D,0.142178,0.032872,0.357000
D,0.142757,0.032872,0.357000
D,0.143336,0.032872,0.357000
D,0.143511,0.032780,0.356000
D,0.144088,0.032780,0.356000
D,0.144665,0.032780,0.356000
D,0.145242,0.032780,0.356000
D,0.145410,0.032688,0.355000
D,0.145985,0.032688,0.355000
D,0.146561,0.032688,0.355000
D,0.147136,0.032688,0.355000
D,0.147711,0.032688,0.355000
D,0.148287,0.032688,0.355000
D,0.148443,0.032596,0.354000
D,0.149017,0.032596,0.354000
D,0.149591,0.032596,0.354000
D,0.150164,0.032596,0.354000
D,0.150738,0.032596,0.354000
D,0.151312,0.032596,0.354000
D,0.151886,0.032596,0.354000
D,0.152460,0.032596,0.354000
D,0.152601,0.032504,0.353000
D,0.153173,0.032504,0.353000
D,0.153746,0.032504,0.353000
D,0.154318,0.032504,0.353000
D,0.154890,0.032504,0.353000
D,0.155462,0.032504,0.353000
D,0.156034,0.032504,0.353000
D,0.156607,0.032504,0.353000
D,0.157179,0.032504,0.353000
D,0.157751,0.032504,0.353000
D,0.157875,0.032412,0.352000
D,0.158445,0.032412,0.352000
D,0.159016,0.032412,0.352000
D,0.159586,0.032412,0.352000
D,0.160157,0.032412,0.352000
D,0.160727,0.032412,0.352000
D,0.161298,0.032412,0.352000
D,0.161869,0.032412,0.352000
D,0.162901,0.032504,0.353000
D,0.163473,0.032504,0.353000
D,0.164045,0.032504,0.353000
D,0.164617,0.032504,0.353000
D,0.165189,0.032504,0.353000
D,0.165762,0.032504,0.353000
D,0.166334,0.032504,0.353000
D,0.166906,0.032504,0.353000
D,0.167478,0.032504,0.353000
D,0.168050,0.032504,0.353000
D,0.168623,0.032504,0.353000
D,0.169195,0.032504,0.353000
D,0.169767,0.032504,0.353000
D,0.140836,0.033545,0.358000
D,0.141416,0.033545,0.358000
D,0.141599,0.033451,0.357000
D,0.142178,0.033451,0.357000
D,0.142757,0.033451,0.357000
D,0.143336,0.033451,0.357000
D,0.143511,0.033358,0.356000
D,0.144088,0.033358,0.356000
D,0.144665,0.033358,0.356000
D,0.145242,0.033358,0.356000
D,0.145410,0.033264,0.355000
D,0.145985,0.033264,0.355000
D,0.146561,0.033264,0.355000
D,0.147136,0.033264,0.355000
D,0.147711,0.033264,0.355000
D,0.148287,0.033264,0.355000
D,0.148443,0.033170,0.354000
D,0.149017,0.033170,0.354000
D,0.149591,0.033170,0.354000
D,0.150164,0.033170,0.354000
D,0.150738,0.033170,0.354000
D,0.151312,0.033170,0.354000
D,0.151886,0.033170,0.354000
D,0.152460,0.033170,0.354000
D,0.152601,0.033077,0.353000
D,0.153173,0.033077,0.353000
D,0.153746,0.033077,0.353000
D,0.154318,0.033077,0.353000
D,0.154890,0.033077,0.353000
D,0.155462,0.033077,0.353000
D,0.156034,0.033077,0.353000
D,0.156607,0.033077,0.353000
D,0.157179,0.033077,0.353000
D,0.157751,0.033077,0.353000
D,0.158323,0.033077,0.353000
D,0.158445,0.032983,0.352000
D,0.159016,0.032983,0.352000
D,0.159586,0.032983,0.352000
D,0.160157,0.032983,0.352000
D,0.160727,0.032983,0.352000
D,0.161298,0.032983,0.352000
D,0.161869,0.032983,0.352000
D,0.162901,0.033077,0.353000
D,0.163473,0.033077,0.353000
D,0.164045,0.033077,0.353000
D,0.164617,0.033077,0.353000
D,0.165189,0.033077,0.353000
D,0.165762,0.033077,0.353000
D,0.166334,0.033077,0.353000
D,0.166906,0.033077,0.353000
D,0.167478,0.033077,0.353000
D,0.168050,0.033077,0.353000
D,0.168623,0.033077,0.353000
D,0.169195,0.033077,0.353000
D,0.169767,0.033077,0.353000
D,0.140836,0.034126,0.358000
D,0.141416,0.034126,0.358000
D,0.141599,0.034030,0.357000
D,0.142178,0.034030,0.357000
D,0.142757,0.034030,0.357000
D,0.143336,0.034030,0.357000
D,0.143511,0.033935,0.356000
D,0.144088,0.033935,0.356000
D,0.144665,0.033935,0.356000
D,0.145242,0.033935,0.356000
D,0.145410,0.033840,0.355000
D,0.145985,0.033840,0.355000
D,0.146561,0.033840,0.355000
D,0.147136,0.033840,0.355000
D,0.147711,0.033840,0.355000
D,0.148287,0.033840,0.355000
D,0.148443,0.033744,0.354000
D,0.149017,0.033744,0.354000
D,0.149591,0.033744,0.354000
D,0.150164,0.033744,0.354000
D,0.150738,0.033744,0.354000
D,0.151312,0.033744,0.354000
D,0.151886,0.033744,0.354000
D,0.152460,0.033744,0.354000
D,0.153033,0.033744,0.354000
D,0.153173,0.033649,0.353000
D,0.153746,0.033649,0.353000
D,0.154318,0.033649,0.353000
D,0.154890,0.033649,0.353000
D,0.155462,0.033649,0.353000
D,0.156034,0.033649,0.353000
D,0.156607,0.033649,0.353000
D,0.157179,0.033649,0.353000
D,0.157751,0.033649,0.353000
D,0.158323,0.033649,0.353000
D,0.158445,0.033554,0.352000
D,0.159016,0.033554,0.352000
D,0.159586,0.033554,0.352000
D,0.160157,0.033554,0.352000
D,0.160727,0.033554,0.352000
D,0.161298,0.033554,0.352000
D,0.161869,0.033554,0.352000
D,0.162901,0.033649,0.353000
D,0.163473,0.033649,0.353000
D,0.164045,0.033649,0.353000
D,0.164617,0.033649,0.353000
D,0.165189,0.033649,0.353000
D,0.165762,0.033649,0.353000
D,0.166334,0.033649,0.353000
D,0.166906,0.033649,0.353000
D,0.167478,0.033649,0.353000
D,0.168050,0.033649,0.353000
D,0.168623,0.033649,0.353000
D,0.169195,0.033649,0.353000
D,0.169767,0.033649,0.353000
D,0.140836,0.034706,0.358000
D,0.141416,0.034706,0.358000
D,0.141599,0.034609,0.357000
D,0.142178,0.034609,0.357000
D,0.142757,0.034609,0.357000
D,0.143336,0.034609,0.357000
D,0.143511,0.034513,0.356000
D,0.144088,0.034513,0.356000
D,0.144665,0.034513,0.356000
D,0.145242,0.034513,0.356000
D,0.145410,0.034416,0.355000
D,0.145985,0.034416,0.355000
D,0.146561,0.034416,0.355000
D,0.147136,0.034416,0.355000
D,0.147711,0.034416,0.355000
D,0.148287,0.034416,0.355000
D,0.148443,0.034319,0.354000
D,0.149017,0.034319,0.354000
D,0.149591,0.034319,0.354000
D,0.150164,0.034319,0.354000
D,0.150738,0.034319,0.354000
D,0.151312,0.034319,0.354000
D,0.151886,0.034319,0.354000
D,0.152460,0.034319,0.354000
D,0.153033,0.034319,0.354000
D,0.153607,0.034319,0.354000
D,0.153746,0.034222,0.353000
D,0.154318,0.034222,0.353000
D,0.154890,0.034222,0.353000
D,0.155462,0.034222,0.353000
D,0.156034,0.034222,0.353000
D,0.156607,0.034222,0.353000
D,0.157179,0.034222,0.353000
D,0.157751,0.034222,0.353000
D,0.158323,0.034222,0.353000
D,0.158895,0.034222,0.353000
D,0.159468,0.034222,0.353000
D,0.159586,0.034125,0.352000
D,0.160157,0.034125,0.352000
D,0.160727,0.034125,0.352000
D,0.161298,0.034125,0.352000
D,0.162328,0.034222,0.353000
D,0.162901,0.034222,0.353000
D,0.163473,0.034222,0.353000
D,0.164045,0.034222,0.353000
D,0.164617,0.034222,0.353000
D,0.165189,0.034222,0.353000
D,0.165762,0.034222,0.353000
D,0.166334,0.034222,0.353000
D,0.166906,0.034222,0.353000
D,0.167478,0.034222,0.353000
D,0.168050,0.034222,0.353000
D,0.168623,0.034222,0.353000
D,0.169195,0.034222,0.353000
D,0.169767,0.034222,0.353000
D,0.140836,0.035287,0.358000
D,0.141416,0.035287,0.358000
D,0.141599,0.035189,0.357000
D,0.142178,0.035189,0.357000
D,0.142757,0.035189,0.357000
D,0.143336,0.035189,0.357000
D,0.143511,0.035090,0.356000
D,0.144088,0.035090,0.356000
D,0.144665,0.035090,0.356000
D,0.145242,0.035090,0.356000
D,0.145410,0.034991,0.355000
D,0.145985,0.034991,0.355000
D,0.146561,0.034991,0.355000
D,0.147136,0.034991,0.355000
D,0.147711,0.034991,0.355000
D,0.148287,0.034991,0.355000
D,0.148443,0.034893,0.354000
D,0.149017,0.034893,0.354000
D,0.149591,0.034893,0.354000
D,0.150164,0.034893,0.354000
D,0.150738,0.034893,0.354000
D,0.151312,0.034893,0.354000
D,0.151886,0.034893,0.354000
D,0.152460,0.034893,0.354000
D,0.153033,0.034893,0.354000
D,0.153607,0.034893,0.354000
D,0.154181,0.034893,0.354000
D,0.154318,0.034794,0.353000
D,0.154890,0.034794,0.353000
D,0.155462,0.034794,0.353000
D,0.156034,0.034794,0.353000
D,0.156607,0.034794,0.353000
D,0.157179,0.034794,0.353000
D,0.157751,0.034794,0.353000
D,0.158323,0.034794,0.353000
D,0.158895,0.034794,0.353000
D,0.159468,0.034794,0.353000
D,0.160040,0.034794,0.353000
D,0.160612,0.034794,0.353000
D,0.161184,0.034794,0.353000
D,0.161756,0.034794,0.353000
D,0.162328,0.034794,0.353000
D,0.162901,0.034794,0.353000
D,0.163473,0.034794,0.353000
D,0.164045,0.034794,0.353000
D,0.164617,0.034794,0.353000
D,0.165189,0.034794,0.353000
D,0.165762,0.034794,0.353000
D,0.166334,0.034794,0.353000
D,0.166906,0.034794,0.353000
D,0.167478,0.034794,0.353000
D,0.168050,0.034794,0.353000
D,0.168623,0.034794,0.353000
D,0.169195,0.034794,0.353000
D,0.169767,0.034794,0.353000
D,0.140836,0.035868,0.358000
D,0.141416,0.035868,0.358000
D,0.141599,0.035768,0.357000
D,0.142178,0.035768,0.357000
D,0.142757,0.035768,0.357000
D,0.143336,0.035768,0.357000
D,0.143511,0.035667,0.356000
D,0.144088,0.035667,0.356000
D,0.144665,0.035667,0.356000
D,0.145242,0.035667,0.356000
D,0.145410,0.035567,0.355000
D,0.145985,0.035567,0.355000
D,0.146561,0.035567,0.355000
D,0.147136,0.035567,0.355000
D,0.147711,0.035567,0.355000
D,0.148287,0.035567,0.355000
D,0.148443,0.035467,0.354000
D,0.149017,0.035467,0.354000
D,0.149591,0.035467,0.354000
D,0.150164,0.035467,0.354000
D,0.150738,0.035467,0.354000
D,0.151312,0.035467,0.354000
D,0.151886,0.035467,0.354000
D,0.152460,0.035467,0.354000
D,0.153033,0.035467,0.354000
D,0.153607,0.035467,0.354000
D,0.154181,0.035467,0.354000
D,0.154318,0.035367,0.353000
D,0.154890,0.035367,0.353000
D,0.155462,0.035367,0.353000
D,0.156034,0.035367,0.353000
D,0.156607,0.035367,0.353000
D,0.157179,0.035367,0.353000
D,0.157751,0.035367,0.353000
D,0.158323,0.035367,0.353000
D,0.158895,0.035367,0.353000
D,0.159468,0.035367,0.353000
D,0.160040,0.035367,0.353000
D,0.160612,0.035367,0.353000
D,0.161184,0.035367,0.353000
D,0.161756,0.035367,0.353000
D,0.162328,0.035367,0.353000
D,0.162901,0.035367,0.353000
D,0.163473,0.035367,0.353000
D,0.164045,0.035367,0.353000
D,0.164617,0.035367,0.353000
D,0.165189,0.035367,0.353000
D,0.165762,0.035367,0.353000
D,0.166334,0.035367,0.353000
D,0.166906,0.035367,0.353000
D,0.167478,0.035367,0.353000
D,0.168050,0.035367,0.353000
D,0.168623,0.035367,0.353000
D,0.169195,0.035367,0.353000
D,0.169767,0.035367,0.353000
D,0.140836,0.036448,0.358000
D,0.141416,0.036448,0.358000
D,0.141599,0.036347,0.357000
D,0.142178,0.036347,0.357000
D,0.142757,0.036347,0.357000
D,0.143336,0.036347,0.357000
D,0.143511,0.036245,0.356000
D,0.144088,0.036245,0.356000
D,0.144665,0.036245,0.356000
D,0.145242,0.036245,0.356000
D,0.145410,0.036143,0.355000
D,0.145985,0.036143,0.355000
D,0.146561,0.036143,0.355000
D,0.147136,0.036143,0.355000
D,0.147711,0.036143,0.355000
D,0.148287,0.036143,0.355000
D,0.148443,0.036041,0.354000
D,0.149017,0.036041,0.354000
D,0.149591,0.036041,0.354000
D,0.150164,0.036041,0.354000
D,0.150738,0.036041,0.354000
D,0.151312,0.036041,0.354000
D,0.151886,0.036041,0.354000
D,0.152460,0.036041,0.354000
D,0.153033,0.036041,0.354000
D,0.153607,0.036041,0.354000
D,0.154181,0.036041,0.354000
D,0.154318,0.035939,0.353000
D,0.154890,0.035939,0.353000
D,0.155462,0.035939,0.353000
D,0.156034,0.035939,0.353000
D,0.156607,0.035939,0.353000
D,0.157179,0.035939,0.353000
D,0.157751,0.035939,0.353000
D,0.158323,0.035939,0.353000
D,0.158895,0.035939,0.353000
D,0.159468,0.035939,0.353000
D,0.160040,0.035939,0.353000
D,0.160612,0.035939,0.353000
D,0.161184,0.035939,0.353000
D,0.161756,0.035939,0.353000
D,0.162328,0.035939,0.353000
D,0.162901,0.035939,0.353000
D,0.163473,0.035939,0.353000
D,0.164045,0.035939,0.353000
D,0.164617,0.035939,0.353000
D,0.165189,0.035939,0.353000
D,0.165762,0.035939,0.353000
D,0.166334,0.035939,0.353000
D,0.166906,0.035939,0.353000
D,0.167478,0.035939,0.353000
D,0.168050,0.035939,0.353000
D,0.168623,0.035939,0.353000
D,0.169195,0.035939,0.353000
D,0.169767,0.035939,0.353000
D,0.140836,0.037029,0.358000
D,0.141416,0.037029,0.358000
D,0.141599,0.036926,0.357000
D,0.142178,0.036926,0.357000
D,0.142757,0.036926,0.357000
D,0.143336,0.036926,0.357000
D,0.143511,0.036822,0.356000
D,0.144088,0.036822,0.356000
D,0.144665,0.036822,0.356000
D,0.145242,0.036822,0.356000
D,0.145410,0.036719,0.355000
D,0.145985,0.036719,0.355000
D,0.146561,0.036719,0.355000
D,0.147136,0.036719,0.355000
D,0.147711,0.036719,0.355000
D,0.148287,0.036719,0.355000
D,0.148443,0.036615,0.354000
D,0.149017,0.036615,0.354000
D,0.149591,0.036615,0.354000
D,0.150164,0.036615,0.354000
D,0.150738,0.036615,0.354000
D,0.151312,0.036615,0.354000
D,0.151886,0.036615,0.354000
D,0.152460,0.036615,0.354000
D,0.153033,0.036615,0.354000
D,0.153607,0.036615,0.354000
D,0.154181,0.036615,0.354000
D,0.154318,0.036512,0.353000
D,0.154890,0.036512,0.353000
D,0.155462,0.036512,0.353000
D,0.156034,0.036512,0.353000
D,0.156607,0.036512,0.353000
D,0.157179,0.036512,0.353000
D,0.157751,0.036512,0.353000
D,0.158323,0.036512,0.353000
D,0.158895,0.036512,0.353000
D,0.159468,0.036512,0.353000
D,0.160040,0.036512,0.353000
D,0.160612,0.036512,0.353000
D,0.161184,0.036512,0.353000
D,0.161756,0.036512,0.353000
D,0.162328,0.036512,0.353000
D,0.162901,0.036512,0.353000
D,0.163473,0.036512,0.353000
D,0.164045,0.036512,0.353000
D,0.164617,0.036512,0.353000
D,0.165189,0.036512,0.353000
D,0.165762,0.036512,0.353000
D,0.166334,0.036512,0.353000
D,0.166906,0.036512,0.353000
D,0.167478,0.036512,0.353000
D,0.168050,0.036512,0.353000
D,0.168623,0.036512,0.353000
D,0.169195,0.036512,0.353000
D,0.169767,0.036512,0.353000
D,0.140836,0.037610,0.358000
D,0.141416,0.037610,0.358000
D,0.141599,0.037505,0.357000
D,0.142178,0.037505,0.357000
D,0.142757,0.037505,0.357000
D,0.143336,0.037505,0.357000
D,0.143511,0.037400,0.356000
D,0.144088,0.037400,0.356000
D,0.144665,0.037400,0.356000
D,0.145242,0.037400,0.356000
D,0.145410,0.037295,0.355000
D,0.145985,0.037295,0.355000
D,0.146561,0.037295,0.355000
D,0.147136,0.037295,0.355000
D,0.147711,0.037295,0.355000
D,0.148287,0.037295,0.355000
D,0.148443,0.037190,0.354000
D,0.149017,0.037190,0.354000
D,0.149591,0.037190,0.354000
D,0.150164,0.037190,0.354000
D,0.150738,0.037190,0.354000
D,0.151312,0.037190,0.354000
D,0.151886,0.037190,0.354000
D,0.152460,0.037190,0.354000
D,0.153033,0.037190,0.354000
D,0.153607,0.037190,0.354000
D,0.154181,0.037190,0.354000
D,0.154318,0.037085,0.353000
D,0.154890,0.037085,0.353000
D,0.155462,0.037085,0.353000
D,0.156034,0.037085,0.353000
D,0.156607,0.037085,0.353000
D,0.157179,0.037085,0.353000
D,0.157751,0.037085,0.353000
D,0.158323,0.037085,0.353000
D,0.158895,0.037085,0.353000
D,0.159468,0.037085,0.353000
D,0.160040,0.037085,0.353000
D,0.160612,0.037085,0.353000
D,0.161184,0.037085,0.353000
D,0.161756,0.037085,0.353000
D,0.162328,0.037085,0.353000
D,0.162901,0.037085,0.353000
D,0.163473,0.037085,0.353000
D,0.164045,0.037085,0.353000
D,0.164617,0.037085,0.353000
D,0.165189,0.037085,0.353000
D,0.165762,0.037085,0.353000
D,0.166334,0.037085,0.353000
D,0.166906,0.037085,0.353000
D,0.167478,0.037085,0.353000
D,0.168050,0.037085,0.353000
D,0.168623,0.037085,0.353000
D,0.169195,0.037085,0.353000
D,0.169767,0.037085,0.353000
D,0.140836,0.038190,0.358000
D,0.141416,0.038190,0.358000
D,0.141599,0.038084,0.357000
D,0.142178,0.038084,0.357000
D,0.142757,0.038084,0.357000
D,0.143336,0.038084,0.357000
D,0.143511,0.037977,0.356000
D,0.144088,0.037977,0.356000
D,0.144665,0.037977,0.356000
D,0.145242,0.037977,0.356000
D,0.145410,0.037870,0.355000
D,0.145985,0.037870,0.355000
D,0.146561,0.037870,0.355000
D,0.147136,0.037870,0.355000
D,0.147711,0.037870,0.355000
D,0.148287,0.037870,0.355000
D,0.148443,0.037764,0.354000
D,0.149017,0.037764,0.354000
D,0.149591,0.037764,0.354000
D,0.150164,0.037764,0.354000
D,0.150738,0.037764,0.354000
D,0.151312,0.037764,0.354000
D,0.151886,0.037764,0.354000
D,0.152460,0.037764,0.354000
D,0.153033,0.037764,0.354000
D,0.153607,0.037764,0.354000
D,0.154181,0.037764,0.354000
D,0.154318,0.037657,0.353000
D,0.154890,0.037657,0.353000
D,0.155462,0.037657,0.353000
D,0.156034,0.037657,0.353000
D,0.156607,0.037657,0.353000
D,0.157179,0.037657,0.353000
D,0.157751,0.037657,0.353000
D,0.158323,0.037657,0.353000
D,0.158895,0.037657,0.353000
D,0.159468,0.037657,0.353000
D,0.160040,0.037657,0.353000
D,0.160612,0.037657,0.353000
D,0.160727,0.037550,0.352000
D,0.161298,0.037550,0.352000
D,0.161869,0.037550,0.352000
D,0.162439,0.037550,0.352000
D,0.163010,0.037550,0.352000
D,0.163580,0.037550,0.352000
D,0.164151,0.037550,0.352000
D,0.164722,0.037550,0.352000
D,0.165292,0.037550,0.352000
D,0.166334,0.037657,0.353000
D,0.166906,0.037657,0.353000
D,0.167478,0.037657,0.353000
D,0.168050,0.037657,0.353000
D,0.168623,0.037657,0.353000
D,0.169195,0.037657,0.353000
D,0.169767,0.037657,0.353000
D,0.140836,0.038771,0.358000
D,0.141416,0.038771,0.358000
D,0.141599,0.038663,0.357000
D,0.142178,0.038663,0.357000
D,0.142757,0.038663,0.357000
D,0.143336,0.038663,0.357000
D,0.143511,0.038555,0.356000
D,0.144088,0.038555,0.356000
D,0.144665,0.038555,0.356000
D,0.145242,0.038555,0.356000
D,0.145410,0.038446,0.355000
D,0.145985,0.038446,0.355000
D,0.146561,0.038446,0.355000
D,0.147136,0.038446,0.355000
D,0.147711,0.038446,0.355000
D,0.148287,0.038446,0.355000
D,0.148443,0.038338,0.354000
D,0.149017,0.038338,0.354000
D,0.149591,0.038338,0.354000
D,0.150164,0.038338,0.354000
D,0.150738,0.038338,0.354000
D,0.151312,0.038338,0.354000
D,0.151886,0.038338,0.354000
D,0.152460,0.038338,0.354000
D,0.153033,0.038338,0.354000
D,0.153607,0.038338,0.354000
D,0.154181,0.038338,0.354000
D,0.154318,0.038230,0.353000
D,0.154890,0.038230,0.353000
D,0.155462,0.038230,0.353000
D,0.156034,0.038230,0.353000
D,0.156607,0.038230,0.353000
D,0.157179,0.038230,0.353000
D,0.157751,0.038230,0.353000
D,0.158323,0.038230,0.353000
D,0.158895,0.038230,0.353000
D,0.159468,0.038230,0.353000
D,0.160040,0.038230,0.353000
D,0.160157,0.038121,0.352000
D,0.160727,0.038121,0.352000
D,0.161298,0.038121,0.352000
D,0.161869,0.038121,0.352000
D,0.162439,0.038121,0.352000
D,0.163010,0.038121,0.352000
D,0.163580,0.038121,0.352000
D,0.164151,0.038121,0.352000
D,0.164722,0.038121,0.352000
D,0.165292,0.038121,0.352000
D,0.165863,0.038121,0.352000
D,0.166433,0.038121,0.352000
D,0.167478,0.038230,0.353000
D,0.168050,0.038230,0.353000
D,0.168623,0.038230,0.353000
D,0.169195,0.038230,0.353000
D,0.169767,0.038230,0.353000
D,0.140836,0.039352,0.358000
D,0.141416,0.039352,0.358000
D,0.141599,0.039242,0.357000
D,0.142178,0.039242,0.357000
D,0.142757,0.039242,0.357000
D,0.143336,0.039242,0.357000
D,0.143511,0.039132,0.356000
D,0.144088,0.039132,0.356000
D,0.144665,0.039132,0.356000
D,0.145242,0.039132,0.356000
D,0.145410,0.039022,0.355000
D,0.145985,0.039022,0.355000
D,0.146561,0.039022,0.355000
D,0.147136,0.039022,0.355000
D,0.147711,0.039022,0.355000
D,0.148287,0.039022,0.355000
D,0.148443,0.038912,0.354000
D,0.149017,0.038912,0.354000
D,0.149591,0.038912,0.354000
D,0.150164,0.038912,0.354000
D,0.150738,0.038912,0.354000
D,0.151312,0.038912,0.354000
D,0.151886,0.038912,0.354000
D,0.152460,0.038912,0.354000
D,0.153033,0.038912,0.354000
D,0.153607,0.038912,0.354000
D,0.154181,0.038912,0.354000
D,0.154318,0.038802,0.353000
D,0.154890,0.038802,0.353000
D,0.155462,0.038802,0.353000
D,0.156034,0.038802,0.353000
D,0.156607,0.038802,0.353000
D,0.157179,0.038802,0.353000
D,0.157751,0.038802,0.353000
D,0.158323,0.038802,0.353000
D,0.158895,0.038802,0.353000
D,0.159468,0.038802,0.353000
D,0.159586,0.038692,0.352000
D,0.160157,0.038692,0.352000
D,0.160727,0.038692,0.352000
D,0.161298,0.038692,0.352000
D,0.161869,0.038692,0.352000
D,0.162439,0.038692,0.352000
D,0.163010,0.038692,0.352000
D,0.163580,0.038692,0.352000
D,0.164151,0.038692,0.352000
D,0.164722,0.038692,0.352000
D,0.165292,0.038692,0.352000
D,0.165863,0.038692,0.352000
D,0.166433,0.038692,0.352000
D,0.167478,0.038802,0.353000
D,0.168050,0.038802,0.353000
D,0.168623,0.038802,0.353000
D,0.169195,0.038802,0.353000
D,0.169767,0.038802,0.353000
D,0.140836,0.039932,0.358000
D,0.141416,0.039932,0.358000
D,0.141599,0.039821,0.357000
D,0.142178,0.039821,0.357000
D,0.142757,0.039821,0.357000
D,0.143336,0.039821,0.357000
D,0.143511,0.039709,0.356000
D,0.144088,0.039709,0.356000
D,0.144665,0.039709,0.356000
D,0.145242,0.039709,0.356000
D,0.145819,0.039709,0.356000
D,0.145985,0.039598,0.355000
D,0.146561,0.039598,0.355000
D,0.147136,0.039598,0.355000
D,0.147711,0.039598,0.355000
D,0.148287,0.039598,0.355000
D,0.148443,0.039486,0.354000
D,0.149017,0.039486,0.354000
D,0.149591,0.039486,0.354000
D,0.150164,0.039486,0.354000
D,0.150738,0.039486,0.354000
D,0.151312,0.039486,0.354000
D,0.151886,0.039486,0.354000
D,0.152460,0.039486,0.354000
D,0.153033,0.039486,0.354000
D,0.153607,0.039486,0.354000
D,0.154181,0.039486,0.354000
D,0.154318,0.039375,0.353000
D,0.154890,0.039375,0.353000
D,0.155462,0.039375,0.353000
D,0.156034,0.039375,0.353000
D,0.156607,0.039375,0.353000
D,0.157179,0.039375,0.353000
D,0.157751,0.039375,0.353000
D,0.158323,0.039375,0.353000
D,0.158895,0.039375,0.353000
D,0.159468,0.039375,0.353000
D,0.159586,0.039263,0.352000
D,0.160157,0.039263,0.352000
D,0.160727,0.039263,0.352000
D,0.161298,0.039263,0.352000
D,0.161869,0.039263,0.352000
D,0.162439,0.039263,0.352000
D,0.163010,0.039263,0.352000
D,0.163580,0.039263,0.352000
D,0.164151,0.039263,0.352000
D,0.164722,0.039263,0.352000
D,0.165292,0.039263,0.352000
D,0.165863,0.039263,0.352000
D,0.166433,0.039263,0.352000
D,0.167004,0.039263,0.352000
D,0.168050,0.039375,0.353000
D,0.168623,0.039375,0.353000
D,0.169195,0.039375,0.353000
D,0.169767,0.039375,0.353000
D,0.140836,0.040513,0.358000
D,0.141416,0.040513,0.358000
D,0.141599,0.040400,0.357000
D,0.142178,0.040400,0.357000
D,0.142757,0.040400,0.357000
D,0.143336,0.040400,0.357000
D,0.143914,0.040400,0.357000
D,0.144088,0.040287,0.356000
D,0.144665,0.040287,0.356000
D,0.145242,0.040287,0.356000
D,0.145819,0.040287,0.356000
D,0.145985,0.040174,0.355000
D,0.146561,0.040174,0.355000
D,0.147136,0.040174,0.355000
D,0.147711,0.040174,0.355000
D,0.148287,0.040174,0.355000
D,0.148443,0.040061,0.354000
D,0.149017,0.040061,0.354000
D,0.149591,0.040061,0.354000
D,0.150164,0.040061,0.354000
D,0.150738,0.040061,0.354000
D,0.151312,0.040061,0.354000
D,0.151886,0.040061,0.354000
D,0.152460,0.040061,0.354000
D,0.153033,0.040061,0.354000
D,0.153607,0.040061,0.354000
D,0.154181,0.040061,0.354000
D,0.154318,0.039947,0.353000
D,0.154890,0.039947,0.353000
D,0.155462,0.039947,0.353000
D,0.156034,0.039947,0.353000
D,0.156607,0.039947,0.353000
D,0.157179,0.039947,0.353000
D,0.157751,0.039947,0.353000
D,0.158323,0.039947,0.353000
D,0.158895,0.039947,0.353000
D,0.159016,0.039834,0.352000
D,0.159586,0.039834,0.352000
D,0.160157,0.039834,0.352000
D,0.160727,0.039834,0.352000
D,0.161298,0.039834,0.352000
D,0.161869,0.039834,0.352000
D,0.162439,0.039834,0.352000
D,0.163010,0.039834,0.352000
D,0.163580,0.039834,0.352000
D,0.164151,0.039834,0.352000
D,0.164722,0.039834,0.352000
D,0.165292,0.039834,0.352000
D,0.165863,0.039834,0.352000
D,0.166433,0.039834,0.352000
D,0.167004,0.039834,0.352000
D,0.168050,0.039947,0.353000
D,0.168623,0.039947,0.353000
D,0.169195,0.039947,0.353000
D,0.169767,0.039947,0.353000
D,0.140836,0.041094,0.358000
D,0.141416,0.041094,0.358000
D,0.141996,0.041094,0.358000
D,0.142178,0.040979,0.357000
D,0.142757,0.040979,0.357000
D,0.143336,0.040979,0.357000
D,0.143914,0.040979,0.357000
D,0.144088,0.040864,0.356000
D,0.144665,0.040864,0.356000
D,0.145242,0.040864,0.356000
D,0.145819,0.040864,0.356000
D,0.145985,0.040749,0.355000
D,0.146561,0.040749,0.355000
D,0.147136,0.040749,0.355000
D,0.147711,0.040749,0.355000
D,0.148287,0.040749,0.355000
D,0.148443,0.040635,0.354000
D,0.149017,0.040635,0.354000
D,0.149591,0.040635,0.354000
D,0.150164,0.040635,0.354000
D,0.150738,0.040635,0.354000
D,0.151312,0.040635,0.354000
D,0.151886,0.040635,0.354000
D,0.152460,0.040635,0.354000
D,0.153033,0.040635,0.354000
D,0.153607,0.040635,0.354000
D,0.154181,0.040635,0.354000
D,0.154318,0.040520,0.353000
D,0.154890,0.040520,0.353000
D,0.155462,0.040520,0.353000
D,0.156034,0.040520,0.353000
D,0.156607,0.040520,0.353000
D,0.157179,0.040520,0.353000
D,0.157751,0.040520,0.353000
D,0.158323,0.040520,0.353000
D,0.158895,0.040520,0.353000
D,0.159016,0.040405,0.352000
D,0.159586,0.040405,0.352000
D,0.160157,0.040405,0.352000
D,0.160727,0.040405,0.352000
D,0.161298,0.040405,0.352000
D,0.161869,0.040405,0.352000
D,0.162439,0.040405,0.352000
D,0.163010,0.040405,0.352000
D,0.163580,0.040405,0.352000
D,0.164151,0.040405,0.352000
D,0.164722,0.040405,0.352000
D,0.165292,0.040405,0.352000
D,0.165863,0.040405,0.352000
D,0.166433,0.040405,0.352000
D,0.167478,0.040520,0.353000
D,0.168050,0.040520,0.353000
D,0.168623,0.040520,0.353000
D,0.169195,0.040520,0.353000
D,0.169767,0.040520,0.353000
D,0.140836,0.041675,0.358000
D,0.141416,0.041675,0.358000
D,0.141996,0.041675,0.358000
D,0.142178,0.041558,0.357000
D,0.142757,0.041558,0.357000
D,0.143336,0.041558,0.357000
D,0.143914,0.041558,0.357000
D,0.144088,0.041442,0.356000
D,0.144665,0.041442,0.356000
D,0.145242,0.041442,0.356000
D,0.145819,0.041442,0.356000
D,0.145985,0.041325,0.355000
D,0.146561,0.041325,0.355000
D,0.147136,0.041325,0.355000
D,0.147711,0.041325,0.355000
D,0.147869,0.041209,0.354000
D,0.148443,0.041209,0.354000
D,0.149017,0.041209,0.354000
D,0.149591,0.041209,0.354000
D,0.150164,0.041209,0.354000
D,0.150738,0.041209,0.354000
D,0.151312,0.041209,0.354000
D,0.151886,0.041209,0.354000
D,0.152460,0.041209,0.354000
D,0.153033,0.041209,0.354000
D,0.153607,0.041209,0.354000
D,0.154181,0.041209,0.354000
D,0.154318,0.041092,0.353000
D,0.154890,0.041092,0.353000
D,0.155462,0.041092,0.353000
D,0.156034,0.041092,0.353000
D,0.156607,0.041092,0.353000
D,0.157179,0.041092,0.353000
D,0.157751,0.041092,0.353000
D,0.158323,0.041092,0.353000
D,0.158895,0.041092,0.353000
D,0.159016,0.040976,0.352000
D,0.159586,0.040976,0.352000
D,0.160157,0.040976,0.352000
D,0.160727,0.040976,0.352000
D,0.161298,0.040976,0.352000
D,0.161869,0.040976,0.352000
D,0.162439,0.040976,0.352000
D,0.163010,0.040976,0.352000
D,0.163580,0.040976,0.352000
D,0.164151,0.040976,0.352000
D,0.164722,0.040976,0.352000
D,0.165292,0.040976,0.352000
D,0.165863,0.040976,0.352000
D,0.166433,0.040976,0.352000
D,0.167478,0.041092,0.353000
D,0.168050,0.041092,0.353000
D,0.168623,0.041092,0.353000
D,0.169195,0.041092,0.353000
D,0.169767,0.041092,0.353000
D,0.140836,0.042255,0.358000
D,0.141416,0.042255,0.358000
D,0.141996,0.042255,0.358000
D,0.142178,0.042137,0.357000
D,0.142757,0.042137,0.357000
D,0.143336,0.042137,0.357000
D,0.143914,0.042137,0.357000
D,0.144088,0.042019,0.356000
D,0.144665,0.042019,0.356000
D,0.145242,0.042019,0.356000
D,0.145819,0.042019,0.356000
D,0.145985,0.041901,0.355000
D,0.146561,0.041901,0.355000
D,0.147136,0.041901,0.355000
D,0.147711,0.041901,0.355000
D,0.147869,0.041783,0.354000
D,0.148443,0.041783,0.354000
D,0.149017,0.041783,0.354000
D,0.149591,0.041783,0.354000
D,0.150164,0.041783,0.354000
D,0.150738,0.041783,0.354000
D,0.151312,0.041783,0.354000
D,0.151886,0.041783,0.354000
D,0.152460,0.041783,0.354000
D,0.153033,0.041783,0.354000
D,0.153607,0.041783,0.354000
D,0.153746,0.041665,0.353000
D,0.154318,0.041665,0.353000
D,0.154890,0.041665,0.353000
D,0.155462,0.041665,0.353000
D,0.156034,0.041665,0.353000
D,0.156607,0.041665,0.353000
D,0.157179,0.041665,0.353000
D,0.157751,0.041665,0.353000
D,0.158323,0.041665,0.353000
D,0.158895,0.041665,0.353000
D,0.159016,0.041547,0.352000
D,0.159586,0.041547,0.352000
D,0.160157,0.041547,0.352000
D,0.160727,0.041547,0.352000
D,0.161298,0.041547,0.352000
D,0.161869,0.041547,0.352000
D,0.162439,0.041547,0.352000
D,0.163010,0.041547,0.352000
D,0.163580,0.041547,0.352000
D,0.164151,0.041547,0.352000
D,0.164722,0.041547,0.352000
D,0.165292,0.041547,0.352000
D,0.165863,0.041547,0.352000
D,0.166906,0.041665,0.353000
D,0.167478,0.041665,0.353000
D,0.168050,0.041665,0.353000
D,0.168623,0.041665,0.353000
D,0.169195,0.041665,0.353000
D,0.169767,0.041665,0.353000
D,0.140836,0.042836,0.358000
D,0.141416,0.042836,0.358000
D,0.141996,0.042836,0.358000
D,0.142178,0.042716,0.357000
D,0.142757,0.042716,0.357000
D,0.143336,0.042716,0.357000
D,0.143914,0.042716,0.357000
D,0.144088,0.042597,0.356000
D,0.144665,0.042597,0.356000
D,0.145242,0.042597,0.356000
D,0.145819,0.042597,0.356000
D,0.145985,0.042477,0.355000
D,0.146561,0.042477,0.355000
D,0.147136,0.042477,0.355000
D,0.147711,0.042477,0.355000
D,0.147869,0.042357,0.354000
D,0.148443,0.042357,0.354000
D,0.149017,0.042357,0.354000
D,0.149591,0.042357,0.354000
D,0.150164,0.042357,0.354000
D,0.150738,0.042357,0.354000
D,0.151312,0.042357,0.354000
D,0.151886,0.042357,0.354000
D,0.152460,0.042357,0.354000
D,0.153033,0.042357,0.354000
D,0.153173,0.042238,0.353000
D,0.153746,0.042238,0.353000
D,0.154318,0.042238,0.353000
D,0.154890,0.042238,0.353000
D,0.155462,0.042238,0.353000
D,0.156034,0.042238,0.353000
D,0.156607,0.042238,0.353000
D,0.157179,0.042238,0.353000
D,0.157751,0.042238,0.353000
D,0.158323,0.042238,0.353000
D,0.158445,0.042118,0.352000
D,0.159016,0.042118,0.352000
D,0.159586,0.042118,0.352000
D,0.160157,0.042118,0.352000
D,0.160727,0.042118,0.352000
D,0.161298,0.042118,0.352000
D,0.161869,0.042118,0.352000
D,0.162439,0.042118,0.352000
D,0.163010,0.042118,0.352000
D,0.163580,0.042118,0.352000
D,0.164151,0.042118,0.352000
D,0.164722,0.042118,0.352000
D,0.165292,0.042118,0.352000
D,0.166334,0.042238,0.353000
D,0.166906,0.042238,0.353000
D,0.167478,0.042238,0.353000
D,0.168050,0.042238,0.353000
D,0.168623,0.042238,0.353000
D,0.169195,0.042238,0.353000
D,0.169767,0.042238,0.353000
D,0.141229,0.043538,0.359000
D,0.141416,0.043417,0.358000
D,0.141996,0.043417,0.358000
D,0.142178,0.043295,0.357000
D,0.142757,0.043295,0.357000
D,0.143336,0.043295,0.357000
D,0.143914,0.043295,0.357000
D,0.144088,0.043174,0.356000
D,0.144665,0.043174,0.356000
D,0.145242,0.043174,0.356000
D,0.145819,0.043174,0.356000
D,0.145985,0.043053,0.355000
D,0.146561,0.043053,0.355000
D,0.147136,0.043053,0.355000
D,0.147711,0.043053,0.355000
D,0.147869,0.042931,0.354000
D,0.148443,0.042931,0.354000
D,0.149017,0.042931,0.354000
D,0.149591,0.042931,0.354000
D,0.150164,0.042931,0.354000
D,0.150738,0.042931,0.354000
D,0.151312,0.042931,0.354000
D,0.151886,0.042931,0.354000
D,0.152029,0.042810,0.353000
D,0.152601,0.042810,0.353000
D,0.153173,0.042810,0.353000
D,0.153746,0.042810,0.353000
D,0.154318,0.042810,0.353000
D,0.154890,0.042810,0.353000
D,0.155462,0.042810,0.353000
D,0.156034,0.042810,0.353000
D,0.156607,0.042810,0.353000
D,0.157179,0.042810,0.353000
D,0.157751,0.042810,0.353000
D,0.157875,0.042689,0.352000
D,0.158445,0.042689,0.352000
D,0.159016,0.042689,0.352000
D,0.159586,0.042689,0.352000
D,0.160157,0.042689,0.352000
D,0.160727,0.042689,0.352000
D,0.161298,0.042689,0.352000
D,0.161869,0.042689,0.352000
D,0.162439,0.042689,0.352000
D,0.163010,0.042689,0.352000
D,0.163580,0.042689,0.352000
D,0.164617,0.042810,0.353000
D,0.165189,0.042810,0.353000
D,0.165762,0.042810,0.353000
D,0.166334,0.042810,0.353000
D,0.166906,0.042810,0.353000
D,0.167478,0.042810,0.353000
D,0.168050,0.042810,0.353000
D,0.168623,0.042810,0.353000
D,0.169195,0.042810,0.353000
D,0.170248,0.042931,0.354000
D,0.141229,0.044120,0.359000
D,0.141416,0.043997,0.358000
D,0.141996,0.043997,0.358000
D,0.142576,0.043997,0.358000
D,0.143157,0.043997,0.358000
D,0.143336,0.043874,0.357000
D,0.143914,0.043874,0.357000
D,0.144088,0.043751,0.356000
D,0.144665,0.043751,0.356000
D,0.145242,0.043751,0.356000
D,0.145819,0.043751,0.356000
D,0.145985,0.043629,0.355000
D,0.146561,0.043629,0.355000
D,0.147136,0.043629,0.355000
D,0.147711,0.043629,0.355000
D,0.147869,0.043506,0.354000
D,0.148443,0.043506,0.354000
D,0.149017,0.043506,0.354000
D,0.149591,0.043506,0.354000
D,0.150164,0.043506,0.354000
D,0.150738,0.043506,0.354000
D,0.151312,0.043506,0.354000
D,0.151457,0.043383,0.353000
D,0.152029,0.043383,0.353000
D,0.152601,0.043383,0.353000
D,0.153173,0.043383,0.353000
D,0.153746,0.043383,0.353000
D,0.154318,0.043383,0.353000
D,0.154890,0.043383,0.353000
D,0.155462,0.043383,0.353000
D,0.156034,0.043383,0.353000
D,0.156607,0.043383,0.353000
D,0.157179,0.043383,0.353000
D,0.157751,0.043383,0.353000
D,0.157875,0.043260,0.352000
D,0.158445,0.043260,0.352000
D,0.159016,0.043260,0.352000
D,0.159586,0.043260,0.352000
D,0.160157,0.043260,0.352000
D,0.160727,0.043260,0.352000
D,0.161298,0.043260,0.352000
D,0.161869,0.043260,0.352000
D,0.162901,0.043383,0.353000
D,0.163473,0.043383,0.353000
D,0.164045,0.043383,0.353000
D,0.164617,0.043383,0.353000
D,0.165189,0.043383,0.353000
D,0.165762,0.043383,0.353000
D,0.166334,0.043383,0.353000
D,0.166906,0.043383,0.353000
D,0.167478,0.043383,0.353000
D,0.168050,0.043383,0.353000
D,0.168623,0.043383,0.353000
D,0.169195,0.043383,0.353000
D,0.170248,0.043506,0.354000
D,0.141229,0.044702,0.359000
D,0.141416,0.044578,0.358000
D,0.141996,0.044578,0.358000
D,0.142576,0.044578,0.358000
D,0.143157,0.044578,0.358000
D,0.143336,0.044453,0.357000
D,0.143914,0.044453,0.357000
D,0.144088,0.044329,0.356000
D,0.144665,0.044329,0.356000
D,0.145242,0.044329,0.356000
D,0.145819,0.044329,0.356000
D,0.145985,0.044204,0.355000
D,0.146561,0.044204,0.355000
D,0.147136,0.044204,0.355000
D,0.147711,0.044204,0.355000
D,0.147869,0.044080,0.354000
D,0.148443,0.044080,0.354000
D,0.149017,0.044080,0.354000
D,0.149591,0.044080,0.354000
D,0.150164,0.044080,0.354000
D,0.150738,0.044080,0.354000
D,0.150885,0.043955,0.353000
D,0.151457,0.043955,0.353000
D,0.152029,0.043955,0.353000
D,0.152601,0.043955,0.353000
D,0.153173,0.043955,0.353000
D,0.153746,0.043955,0.353000
D,0.154318,0.043955,0.353000
D,0.154890,0.043955,0.353000
D,0.155462,0.043955,0.353000
D,0.156034,0.043955,0.353000
D,0.156607,0.043955,0.353000
D,0.157179,0.043955,0.353000
D,0.157751,0.043955,0.353000
D,0.157875,0.043831,0.352000
D,0.158445,0.043831,0.352000
D,0.159016,0.043831,0.352000
D,0.159586,0.043831,0.352000
D,0.160157,0.043831,0.352000
D,0.161184,0.043955,0.353000
D,0.161756,0.043955,0.353000
D,0.162328,0.043955,0.353000
D,0.162901,0.043955,0.353000
D,0.163473,0.043955,0.353000
D,0.164045,0.043955,0.353000
D,0.164617,0.043955,0.353000
D,0.165189,0.043955,0.353000
D,0.165762,0.043955,0.353000
D,0.166334,0.043955,0.353000
D,0.166906,0.043955,0.353000
D,0.167478,0.043955,0.353000
D,0.168050,0.043955,0.353000
D,0.168623,0.043955,0.353000
D,0.169674,0.044080,0.354000
D,0.170248,0.044080,0.354000
D,0.141229,0.045285,0.359000
D,0.141416,0.045159,0.358000
D,0.141996,0.045159,0.358000
D,0.142576,0.045159,0.358000
D,0.143157,0.045159,0.358000
D,0.143336,0.045032,0.357000
D,0.143914,0.045032,0.357000
D,0.144088,0.044906,0.356000
D,0.144665,0.044906,0.356000
D,0.145242,0.044906,0.356000
D,0.145819,0.044906,0.356000
D,0.145985,0.044780,0.355000
D,0.146561,0.044780,0.355000
D,0.147136,0.044780,0.355000
D,0.147711,0.044780,0.355000
D,0.147869,0.044654,0.354000
D,0.148443,0.044654,0.354000
D,0.149017,0.044654,0.354000
D,0.149591,0.044654,0.354000
D,0.150164,0.044654,0.354000
D,0.150738,0.044654,0.354000
D,0.150885,0.044528,0.353000
D,0.151457,0.044528,0.353000
D,0.152029,0.044528,0.353000
D,0.152601,0.044528,0.353000
D,0.153173,0.044528,0.353000
D,0.153746,0.044528,0.353000
D,0.154318,0.044528,0.353000
D,0.154890,0.044528,0.353000
D,0.155462,0.044528,0.353000
D,0.156034,0.044528,0.353000
D,0.156607,0.044528,0.353000
D,0.157179,0.044528,0.353000
D,0.157751,0.044528,0.353000
D,0.157875,0.044402,0.352000
D,0.158445,0.044402,0.352000
D,0.159016,0.044402,0.352000
D,0.159586,0.044402,0.352000
D,0.160612,0.044528,0.353000
D,0.161184,0.044528,0.353000
D,0.161756,0.044528,0.353000
D,0.162328,0.044528,0.353000
D,0.162901,0.044528,0.353000
D,0.163473,0.044528,0.353000
D,0.164045,0.044528,0.353000
D,0.164617,0.044528,0.353000
D,0.165189,0.044528,0.353000
D,0.165762,0.044528,0.353000
D,0.166334,0.044528,0.353000
D,0.166906,0.044528,0.353000
D,0.167478,0.044528,0.353000
D,0.168050,0.044528,0.353000
D,0.168623,0.044528,0.353000
D,0.169674,0.044654,0.354000
D,0.170248,0.044654,0.354000
D,0.141229,0.045867,0.359000
D,0.141416,0.045739,0.358000
D,0.141996,0.045739,0.358000
D,0.142178,0.045611,0.357000
D,0.142757,0.045611,0.357000
D,0.143336,0.045611,0.357000
D,0.143914,0.045611,0.357000
D,0.144088,0.045484,0.356000
D,0.144665,0.045484,0.356000
D,0.145242,0.045484,0.356000
D,0.145819,0.045484,0.356000
D,0.145985,0.045356,0.355000
D,0.146561,0.045356,0.355000
D,0.147136,0.045356,0.355000
D,0.147711,0.045356,0.355000
D,0.147869,0.045228,0.354000
D,0.148443,0.045228,0.354000
D,0.149017,0.045228,0.354000
D,0.149591,0.045228,0.354000
D,0.150164,0.045228,0.354000
D,0.150312,0.045100,0.353000
D,0.150885,0.045100,0.353000
D,0.151457,0.045100,0.353000
D,0.152029,0.045100,0.353000
D,0.152601,0.045100,0.353000
D,0.153173,0.045100,0.353000
D,0.153746,0.045100,0.353000
D,0.154318,0.045100,0.353000
D,0.154890,0.045100,0.353000
D,0.155462,0.045100,0.353000
D,0.156034,0.045100,0.353000
D,0.156607,0.045100,0.353000
D,0.157179,0.045100,0.353000
D,0.157751,0.045100,0.353000
D,0.157875,0.044973,0.352000
D,0.158445,0.044973,0.352000
D,0.159468,0.045100,0.353000
D,0.160040,0.045100,0.353000
D,0.160612,0.045100,0.353000
D,0.161184,0.045100,0.353000
D,0.161756,0.045100,0.353000
D,0.162328,0.045100,0.353000
D,0.162901,0.045100,0.353000
D,0.163473,0.045100,0.353000
D,0.164045,0.045100,0.353000
D,0.164617,0.045100,0.353000
D,0.165189,0.045100,0.353000
D,0.165762,0.045100,0.353000
D,0.166334,0.045100,0.353000
D,0.166906,0.045100,0.353000
D,0.167478,0.045100,0.353000
D,0.168050,0.045100,0.353000
D,0.168623,0.045100,0.353000
D,0.169674,0.045228,0.354000
D,0.170248,0.045228,0.354000
D,0.141229,0.046449,0.359000
D,0.141416,0.046320,0.358000
D,0.141996,0.046320,0.358000
D,0.142178,0.046191,0.357000
D,0.142757,0.046191,0.357000
D,0.143336,0.046191,0.357000
D,0.143914,0.046191,0.357000
D,0.144088,0.046061,0.356000
D,0.144665,0.046061,0.356000
D,0.145242,0.046061,0.356000
D,0.145819,0.046061,0.356000
D,0.145985,0.045932,0.355000
D,0.146561,0.045932,0.355000
D,0.147136,0.045932,0.355000
D,0.147711,0.045932,0.355000
D,0.147869,0.045802,0.354000
D,0.148443,0.045802,0.354000
D,0.149017,0.045802,0.354000
D,0.149591,0.045802,0.354000
D,0.150164,0.045802,0.354000
D,0.150312,0.045673,0.353000
D,0.150885,0.045673,0.353000
D,0.151457,0.045673,0.353000
D,0.152029,0.045673,0.353000
D,0.152601,0.045673,0.353000
D,0.153173,0.045673,0.353000
D,0.153746,0.045673,0.353000
D,0.154318,0.045673,0.353000
D,0.154890,0.045673,0.353000
D,0.155462,0.045673,0.353000
D,0.156034,0.045673,0.353000
D,0.156607,0.045673,0.353000
D,0.157179,0.045673,0.353000
D,0.157751,0.045673,0.353000
D,0.158323,0.045673,0.353000
D,0.158895,0.045673,0.353000
D,0.159468,0.045673,0.353000
D,0.160040,0.045673,0.353000
D,0.160612,0.045673,0.353000
D,0.161184,0.045673,0.353000
D,0.161756,0.045673,0.353000
D,0.162328,0.045673,0.353000
D,0.162901,0.045673,0.353000
D,0.163473,0.045673,0.353000
D,0.164045,0.045673,0.353000
D,0.164617,0.045673,0.353000
D,0.165189,0.045673,0.353000
D,0.165762,0.045673,0.353000
D,0.166334,0.045673,0.353000
D,0.166906,0.045673,0.353000
D,0.167478,0.045673,0.353000
D,0.168050,0.045673,0.353000
D,0.168623,0.045673,0.353000
D,0.169674,0.045802,0.354000
D,0.170248,0.045802,0.354000
D,0.141229,0.047032,0.359000
D,0.141416,0.046901,0.358000
D,0.141996,0.046901,0.358000
D,0.142178,0.046770,0.357000
D,0.142757,0.046770,0.357000
D,0.143336,0.046770,0.357000
D,0.143914,0.046770,0.357000
D,0.144088,0.046639,0.356000
D,0.144665,0.046639,0.356000
D,0.145242,0.046639,0.356000
D,0.145819,0.046639,0.356000
D,0.145985,0.046508,0.355000
D,0.146561,0.046508,0.355000
D,0.147136,0.046508,0.355000
D,0.147711,0.046508,0.355000
D,0.147869,0.046377,0.354000
D,0.148443,0.046377,0.354000
D,0.149017,0.046377,0.354000
D,0.149591,0.046377,0.354000
D,0.150164,0.046377,0.354000
D,0.150312,0.046246,0.353000
D,0.150885,0.046246,0.353000
D,0.151457,0.046246,0.353000
D,0.152029,0.046246,0.353000
D,0.152601,0.046246,0.353000
D,0.153173,0.046246,0.353000
D,0.153746,0.046246,0.353000
D,0.154318,0.046246,0.353000
D,0.154890,0.046246,0.353000
D,0.155462,0.046246,0.353000
D,0.156034,0.046246,0.353000
D,0.156607,0.046246,0.353000
D,0.157179,0.046246,0.353000
D,0.157751,0.046246,0.353000
D,0.158323,0.046246,0.353000
D,0.158895,0.046246,0.353000
D,0.159468,0.046246,0.353000
D,0.160040,0.046246,0.353000
D,0.160612,0.046246,0.353000
D,0.161184,0.046246,0.353000
D,0.161756,0.046246,0.353000
D,0.162328,0.046246,0.353000
D,0.162901,0.046246,0.353000
D,0.163473,0.046246,0.353000
D,0.164045,0.046246,0.353000
D,0.164617,0.046246,0.353000
D,0.165189,0.046246,0.353000
D,0.165762,0.046246,0.353000
D,0.166334,0.046246,0.353000
D,0.166906,0.046246,0.353000
D,0.167478,0.046246,0.353000
D,0.168050,0.046246,0.353000
D,0.169100,0.046377,0.354000
D,0.169674,0.046377,0.354000
D,0.170248,0.046377,0.354000
D,0.141229,0.047614,0.359000
D,0.141416,0.047481,0.358000
D,0.141996,0.047481,0.358000
D,0.142178,0.047349,0.357000
D,0.142757,0.047349,0.357000
D,0.143336,0.047349,0.357000
D,0.143914,0.047349,0.357000
D,0.144088,0.047216,0.356000
D,0.144665,0.047216,0.356000
D,0.145242,0.047216,0.356000
D,0.145819,0.047216,0.356000
D,0.145985,0.047083,0.355000
D,0.146561,0.047083,0.355000
D,0.147136,0.047083,0.355000
D,0.147711,0.047083,0.355000
D,0.147869,0.046951,0.354000
D,0.148443,0.046951,0.354000
D,0.149017,0.046951,0.354000
D,0.149591,0.046951,0.354000
D,0.150164,0.046951,0.354000
D,0.150738,0.046951,0.354000
D,0.150885,0.046818,0.353000
D,0.151457,0.046818,0.353000
D,0.152029,0.046818,0.353000
D,0.152601,0.046818,0.353000
D,0.153173,0.046818,0.353000
D,0.153746,0.046818,0.353000
D,0.154318,0.046818,0.353000
D,0.154890,0.046818,0.353000
D,0.155462,0.046818,0.353000
D,0.156034,0.046818,0.353000
D,0.156607,0.046818,0.353000
D,0.157179,0.046818,0.353000
D,0.157751,0.046818,0.353000
D,0.158323,0.046818,0.353000
D,0.158895,0.046818,0.353000
D,0.159468,0.046818,0.353000
D,0.160040,0.046818,0.353000
D,0.160612,0.046818,0.353000
D,0.161184,0.046818,0.353000
D,0.161756,0.046818,0.353000
D,0.162328,0.046818,0.353000
D,0.162901,0.046818,0.353000
D,0.163473,0.046818,0.353000
D,0.164045,0.046818,0.353000
D,0.164617,0.046818,0.353000
D,0.165189,0.046818,0.353000
D,0.165762,0.046818,0.353000
D,0.166334,0.046818,0.353000
D,0.166906,0.046818,0.353000
D,0.167478,0.046818,0.353000
D,0.168050,0.046818,0.353000
D,0.168623,0.046818,0.353000
D,0.169674,0.046951,0.354000
D,0.170248,0.046951,0.354000
D,0.141229,0.048196,0.359000
D,0.141416,0.048062,0.358000
D,0.141996,0.048062,0.358000
D,0.142178,0.047928,0.357000
D,0.142757,0.047928,0.357000
D,0.143336,0.047928,0.357000
D,0.143914,0.047928,0.357000
D,0.144088,0.047793,0.356000
D,0.144665,0.047793,0.356000
D,0.145242,0.047793,0.356000
D,0.145819,0.047793,0.356000
D,0.145985,0.047659,0.355000
D,0.146561,0.047659,0.355000
D,0.147136,0.047659,0.355000
D,0.147711,0.047659,0.355000
D,0.147869,0.047525,0.354000
D,0.148443,0.047525,0.354000
D,0.149017,0.047525,0.354000
D,0.149591,0.047525,0.354000
D,0.150164,0.047525,0.354000
D,0.150738,0.047525,0.354000
D,0.151312,0.047525,0.354000
D,0.151457,0.047391,0.353000
D,0.152029,0.047391,0.353000
D,0.152601,0.047391,0.353000
D,0.153173,0.047391,0.353000
D,0.153746,0.047391,0.353000
D,0.154318,0.047391,0.353000
D,0.154890,0.047391,0.353000
D,0.155462,0.047391,0.353000
D,0.156034,0.047391,0.353000
D,0.156607,0.047391,0.353000
D,0.157179,0.047391,0.353000
D,0.157751,0.047391,0.353000
D,0.158323,0.047391,0.353000
D,0.158895,0.047391,0.353000
D,0.159468,0.047391,0.353000
D,0.160040,0.047391,0.353000
D,0.160612,0.047391,0.353000
D,0.161184,0.047391,0.353000
D,0.161756,0.047391,0.353000
D,0.162328,0.047391,0.353000
D,0.162901,0.047391,0.353000
D,0.163473,0.047391,0.353000
D,0.164045,0.047391,0.353000
D,0.164617,0.047391,0.353000
D,0.165189,0.047391,0.353000
D,0.165762,0.047391,0.353000
D,0.166334,0.047391,0.353000
D,0.166906,0.047391,0.353000
D,0.167478,0.047391,0.353000
D,0.168050,0.047391,0.353000
D,0.168623,0.047391,0.353000
D,0.169674,0.047525,0.354000
D,0.170248,0.047525,0.354000
D,0.140836,0.048643,0.358000
D,0.141416,0.048643,0.358000
D,0.141996,0.048643,0.358000
D,0.142178,0.048507,0.357000
D,0.142757,0.048507,0.357000
D,0.143336,0.048507,0.357000
D,0.143914,0.048507,0.357000
D,0.144088,0.048371,0.356000
D,0.144665,0.048371,0.356000
D,0.145242,0.048371,0.356000
D,0.145819,0.048371,0.356000
D,0.145985,0.048235,0.355000
D,0.146561,0.048235,0.355000
D,0.147136,0.048235,0.355000
D,0.147711,0.048235,0.355000
D,0.147869,0.048099,0.354000
D,0.148443,0.048099,0.354000
D,0.149017,0.048099,0.354000
D,0.149591,0.048099,0.354000
D,0.150164,0.048099,0.354000
D,0.150738,0.048099,0.354000
D,0.151312,0.048099,0.354000
D,0.151457,0.047963,0.353000
D,0.152029,0.047963,0.353000
D,0.152601,0.047963,0.353000
D,0.153173,0.047963,0.353000
D,0.153746,0.047963,0.353000
D,0.154318,0.047963,0.353000
D,0.154890,0.047963,0.353000
D,0.155462,0.047963,0.353000
D,0.156034,0.047963,0.353000
D,0.156607,0.047963,0.353000
D,0.157179,0.047963,0.353000
D,0.157751,0.047963,0.353000
D,0.158323,0.047963,0.353000
D,0.158895,0.047963,0.353000
D,0.159468,0.047963,0.353000
D,0.160040,0.047963,0.353000
D,0.160612,0.047963,0.353000
D,0.161184,0.047963,0.353000
D,0.161756,0.047963,0.353000
D,0.162328,0.047963,0.353000
D,0.162901,0.047963,0.353000
D,0.163473,0.047963,0.353000
D,0.164045,0.047963,0.353000
D,0.164617,0.047963,0.353000
D,0.165189,0.047963,0.353000
D,0.165762,0.047963,0.353000
D,0.166334,0.047963,0.353000
D,0.166906,0.047963,0.353000
D,0.167478,0.047963,0.353000
D,0.168050,0.047963,0.353000
D,0.168623,0.047963,0.353000
D,0.169674,0.048099,0.354000
D,0.170248,0.048099,0.354000
D,0.140836,0.049223,0.358000
D,0.141416,0.049223,0.358000
D,0.141996,0.049223,0.358000
D,0.142178,0.049086,0.357000
D,0.142757,0.049086,0.357000
D,0.143336,0.049086,0.357000
D,0.143914,0.049086,0.357000
D,0.144088,0.048948,0.356000
D,0.144665,0.048948,0.356000
D,0.145242,0.048948,0.356000
D,0.145819,0.048948,0.356000
D,0.145985,0.048811,0.355000
D,0.146561,0.048811,0.355000
D,0.147136,0.048811,0.355000
D,0.147711,0.048811,0.355000
D,0.148287,0.048811,0.355000
D,0.148443,0.048673,0.354000
D,0.149017,0.048673,0.354000
D,0.149591,0.048673,0.354000
D,0.150164,0.048673,0.354000
D,0.150738,0.048673,0.354000
D,0.151312,0.048673,0.354000
D,0.151457,0.048536,0.353000
D,0.152029,0.048536,0.353000
D,0.152601,0.048536,0.353000
D,0.153173,0.048536,0.353000
D,0.153746,0.048536,0.353000
D,0.154318,0.048536,0.353000
D,0.154890,0.048536,0.353000
D,0.155462,0.048536,0.353000
D,0.156034,0.048536,0.353000
D,0.156607,0.048536,0.353000
D,0.157179,0.048536,0.353000
D,0.157751,0.048536,0.353000
D,0.158323,0.048536,0.353000
D,0.158895,0.048536,0.353000
D,0.159468,0.048536,0.353000
D,0.160040,0.048536,0.353000
D,0.160612,0.048536,0.353000
D,0.161184,0.048536,0.353000
D,0.161756,0.048536,0.353000
D,0.162328,0.048536,0.353000
D,0.162901,0.048536,0.353000
D,0.163473,0.048536,0.353000
D,0.164045,0.048536,0.353000
D,0.164617,0.048536,0.353000
D,0.165189,0.048536,0.353000
D,0.165762,0.048536,0.353000
D,0.166334,0.048536,0.353000
D,0.166906,0.048536,0.353000
D,0.167478,0.048536,0.353000
D,0.168050,0.048536,0.353000
D,0.168623,0.048536,0.353000
D,0.169674,0.048673,0.354000
D,0.170248,0.048673,0.354000
D,0.140836,0.049804,0.358000
D,0.141416,0.049804,0.358000
D,0.141996,0.049804,0.358000
D,0.142178,0.049665,0.357000
D,0.142757,0.049665,0.357000
D,0.143336,0.049665,0.357000
D,0.143511,0.049526,0.356000
D,0.144088,0.049526,0.356000
D,0.144665,0.049526,0.356000
D,0.145242,0.049526,0.356000
D,0.145410,0.049387,0.355000
D,0.145985,0.049387,0.355000
D,0.146561,0.049387,0.355000
D,0.147136,0.049387,0.355000
D,0.147711,0.049387,0.355000
D,0.148287,0.049387,0.355000
D,0.148443,0.049248,0.354000
D,0.149017,0.049248,0.354000
D,0.149591,0.049248,0.354000
D,0.150164,0.049248,0.354000
D,0.150738,0.049248,0.354000
D,0.151312,0.049248,0.354000
D,0.151886,0.049248,0.354000
D,0.152029,0.049108,0.353000
D,0.152601,0.049108,0.353000
D,0.153173,0.049108,0.353000
D,0.153746,0.049108,0.353000
D,0.154318,0.049108,0.353000
D,0.154890,0.049108,0.353000
D,0.155462,0.049108,0.353000
D,0.156034,0.049108,0.353000
D,0.156607,0.049108,0.353000
D,0.157179,0.049108,0.353000
D,0.157751,0.049108,0.353000
D,0.158323,0.049108,0.353000
D,0.158895,0.049108,0.353000
D,0.159468,0.049108,0.353000
D,0.160040,0.049108,0.353000
D,0.160612,0.049108,0.353000
D,0.161184,0.049108,0.353000
D,0.161756,0.049108,0.353000
D,0.162328,0.049108,0.353000
D,0.162901,0.049108,0.353000
D,0.163473,0.049108,0.353000
D,0.164045,0.049108,0.353000
D,0.164617,0.049108,0.353000
D,0.165189,0.049108,0.353000
D,0.165762,0.049108,0.353000
D,0.166334,0.049108,0.353000
D,0.166906,0.049108,0.353000
D,0.167478,0.049108,0.353000
D,0.168050,0.049108,0.353000
D,0.168623,0.049108,0.353000
D,0.169674,0.049248,0.354000
D,0.170248,0.049248,0.354000
D,0.140836,0.050385,0.358000
D,0.141416,0.050385,0.358000
D,0.141996,0.050385,0.358000
D,0.142178,0.050244,0.357000
D,0.142757,0.050244,0.357000
D,0.143336,0.050244,0.357000
D,0.143511,0.050103,0.356000
D,0.144088,0.050103,0.356000
D,0.144665,0.050103,0.356000
D,0.145242,0.050103,0.356000
D,0.145410,0.049962,0.355000
D,0.145985,0.049962,0.355000
D,0.146561,0.049962,0.355000
D,0.147136,0.049962,0.355000
D,0.147711,0.049962,0.355000
D,0.148287,0.049962,0.355000
D,0.148443,0.049822,0.354000
D,0.149017,0.049822,0.354000
D,0.149591,0.049822,0.354000
D,0.150164,0.049822,0.354000
D,0.150738,0.049822,0.354000
D,0.151312,0.049822,0.354000
D,0.151457,0.049681,0.353000
D,0.152029,0.049681,0.353000
D,0.152601,0.049681,0.353000
D,0.153173,0.049681,0.353000
D,0.153746,0.049681,0.353000
D,0.154318,0.049681,0.353000
D,0.154890,0.049681,0.353000
D,0.155462,0.049681,0.353000
D,0.156034,0.049681,0.353000
D,0.156607,0.049681,0.353000
D,0.157179,0.049681,0.353000
D,0.157751,0.049681,0.353000
D,0.158323,0.049681,0.353000
D,0.158895,0.049681,0.353000
D,0.159468,0.049681,0.353000
D,0.160040,0.049681,0.353000
D,0.160612,0.049681,0.353000
D,0.161184,0.049681,0.353000
D,0.161756,0.049681,0.353000
D,0.162328,0.049681,0.353000
D,0.162901,0.049681,0.353000
D,0.163473,0.049681,0.353000
D,0.164045,0.049681,0.353000
D,0.164617,0.049681,0.353000
D,0.165189,0.049681,0.353000
D,0.165762,0.049681,0.353000
D,0.166334,0.049681,0.353000
D,0.166906,0.049681,0.353000
D,0.167478,0.049681,0.353000
D,0.168050,0.049681,0.353000
D,0.168623,0.049681,0.353000
D,0.169674,0.049822,0.354000
D,0.170248,0.049822,0.354000
D,0.140836,0.050965,0.358000
D,0.141416,0.050965,0.358000
D,0.141996,0.050965,0.358000
D,0.142178,0.050823,0.357000
D,0.142757,0.050823,0.357000
D,0.143336,0.050823,0.357000
D,0.143511,0.050681,0.356000
D,0.144088,0.050681,0.356000
D,0.144665,0.050681,0.356000
D,0.145242,0.050681,0.356000
D,0.145410,0.050538,0.355000
D,0.145985,0.050538,0.355000
D,0.146561,0.050538,0.355000
D,0.147136,0.050538,0.355000
D,0.147711,0.050538,0.355000
D,0.148287,0.050538,0.355000
D,0.148862,0.050538,0.355000
D,0.149017,0.050396,0.354000
D,0.149591,0.050396,0.354000
D,0.150164,0.050396,0.354000
D,0.150738,0.050396,0.354000
D,0.151312,0.050396,0.354000
D,0.151457,0.050254,0.353000
D,0.152029,0.050254,0.353000
D,0.152601,0.050254,0.353000
D,0.153173,0.050254,0.353000
D,0.153746,0.050254,0.353000
D,0.154318,0.050254,0.353000
D,0.154890,0.050254,0.353000
D,0.155462,0.050254,0.353000
D,0.156034,0.050254,0.353000
D,0.156607,0.050254,0.353000
D,0.157179,0.050254,0.353000
D,0.157751,0.050254,0.353000
D,0.158323,0.050254,0.353000
D,0.158895,0.050254,0.353000
D,0.159468,0.050254,0.353000
D,0.160040,0.050254,0.353000
D,0.160612,0.050254,0.353000
D,0.161184,0.050254,0.353000
D,0.161756,0.050254,0.353000
D,0.162328,0.050254,0.353000
D,0.162901,0.050254,0.353000
D,0.163473,0.050254,0.353000
D,0.164045,0.050254,0.353000
D,0.164617,0.050254,0.353000
D,0.165189,0.050254,0.353000
D,0.165762,0.050254,0.353000
D,0.166334,0.050254,0.353000
D,0.166906,0.050254,0.353000
D,0.167478,0.050254,0.353000
D,0.168050,0.050254,0.353000
D,0.169100,0.050396,0.354000
D,0.169674,0.050396,0.354000
D,0.170248,0.050396,0.354000
D,0.140836,0.051546,0.358000
D,0.141416,0.051546,0.358000
D,0.141996,0.051546,0.358000
D,0.142576,0.051546,0.358000
D,0.142757,0.051402,0.357000
D,0.143336,0.051402,0.357000
D,0.143511,0.051258,0.356000
D,0.144088,0.051258,0.356000
D,0.144665,0.051258,0.356000
D,0.144834,0.051114,0.355000
D,0.145410,0.051114,0.355000
D,0.145985,0.051114,0.355000
D,0.146561,0.051114,0.355000
D,0.147136,0.051114,0.355000
D,0.147711,0.051114,0.355000
D,0.148287,0.051114,0.355000
D,0.148862,0.051114,0.355000
D,0.149017,0.050970,0.354000
D,0.149591,0.050970,0.354000
D,0.150164,0.050970,0.354000
D,0.150738,0.050970,0.354000
D,0.151312,0.050970,0.354000
D,0.151457,0.050826,0.353000
D,0.152029,0.050826,0.353000
D,0.152601,0.050826,0.353000
D,0.153173,0.050826,0.353000
D,0.153746,0.050826,0.353000
D,0.154318,0.050826,0.353000
D,0.154890,0.050826,0.353000
D,0.155462,0.050826,0.353000
D,0.156034,0.050826,0.353000
D,0.156607,0.050826,0.353000
D,0.157179,0.050826,0.353000
D,0.157751,0.050826,0.353000
D,0.158323,0.050826,0.353000
D,0.158895,0.050826,0.353000
D,0.159468,0.050826,0.353000
D,0.159586,0.050682,0.352000
D,0.160157,0.050682,0.352000
D,0.160727,0.050682,0.352000
D,0.161756,0.050826,0.353000
D,0.162328,0.050826,0.353000
D,0.162901,0.050826,0.353000
D,0.163473,0.050826,0.353000
D,0.164045,0.050826,0.353000
D,0.164617,0.050826,0.353000
D,0.165189,0.050826,0.353000
D,0.165762,0.050826,0.353000
D,0.166334,0.050826,0.353000
D,0.166906,0.050826,0.353000
D,0.167478,0.050826,0.353000
D,0.168050,0.050826,0.353000
D,0.169100,0.050970,0.354000
D,0.169674,0.050970,0.354000
D,0.170248,0.050970,0.354000
D,0.140836,0.052127,0.358000
D,0.141416,0.052127,0.358000
D,0.141996,0.052127,0.358000
D,0.142576,0.052127,0.358000
D,0.142757,0.051981,0.357000
D,0.143336,0.051981,0.357000
D,0.143511,0.051835,0.356000
D,0.144088,0.051835,0.356000
D,0.144665,0.051835,0.356000
D,0.144834,0.051690,0.355000
D,0.145410,0.051690,0.355000
D,0.145985,0.051690,0.355000
D,0.146561,0.051690,0.355000
D,0.147136,0.051690,0.355000
D,0.147711,0.051690,0.355000
D,0.148287,0.051690,0.355000
D,0.148862,0.051690,0.355000
D,0.149438,0.051690,0.355000
D,0.149591,0.051544,0.354000
D,0.150164,0.051544,0.354000
D,0.150738,0.051544,0.354000
D,0.151312,0.051544,0.354000
D,0.151886,0.051544,0.354000
D,0.152029,0.051399,0.353000
D,0.152601,0.051399,0.353000
D,0.153173,0.051399,0.353000
D,0.153746,0.051399,0.353000
D,0.154318,0.051399,0.353000
D,0.154890,0.051399,0.353000
D,0.155462,0.051399,0.353000
D,0.156034,0.051399,0.353000
D,0.156607,0.051399,0.353000
D,0.157179,0.051399,0.353000
D,0.157751,0.051399,0.353000
D,0.158323,0.051399,0.353000
D,0.158895,0.051399,0.353000
D,0.159016,0.051253,0.352000
D,0.159586,0.051253,0.352000
D,0.160157,0.051253,0.352000
D,0.160727,0.051253,0.352000
D,0.161298,0.051253,0.352000
D,0.162328,0.051399,0.353000
D,0.162901,0.051399,0.353000
D,0.163473,0.051399,0.353000
D,0.164045,0.051399,0.353000
D,0.164617,0.051399,0.353000
D,0.165189,0.051399,0.353000
D,0.165762,0.051399,0.353000
D,0.166334,0.051399,0.353000
D,0.166906,0.051399,0.353000
D,0.167478,0.051399,0.353000
D,0.168050,0.051399,0.353000
D,0.169100,0.051544,0.354000
D,0.169674,0.051544,0.354000
D,0.170248,0.051544,0.354000
